	"March 15, 2003. Jon H., John G. And Don P. On the EM-31. Start out at Hump 1, work inshore."					
EM31	Distance covered = 10.7 km to 8.73 km =1970-m.  About right at 5-m/measurement					
Dist (m)	BH1	E	Snow	Ice+Snow	Ice	Comments
0	177.3	33.283		259.5	259.5	
5	99.18	26.554		375.8	375.8	
10	205.68	33.3		235.6	235.6	
15	279.84	33.303		189.8	189.8	
20	255.44	33.303		203.0	203.0	
25	247.5	33.309		207.6	207.6	
30	262.46	33.311		199.0	199.0	
35	329.58	33.316		166.9	166.9	
40	346.06	33.316		160.2	160.2	
45	346.98	33.316		159.9	159.9	
50	346.68	33.318		160.0	160.0	
55	349.74	33.316		158.8	158.8	
60	344.24	33.316		161.0	161.0	
65	344.24	33.318		161.0	161.0
70	342.72	33.318		161.6	161.6
75	343.02	33.32		161.5	161.5
80	349.74	33.32		158.8	158.8
85	353.08	33.32		157.5	157.5
90	342.72	33.32		161.6	161.6
95	340.58	33.322		162.4	162.4
100	343.32	33.322		161.3	161.3
105	344.54	33.323		160.8	160.8
110	324.4	33.323		169.1	169.1
115	327.76	33.322		167.7	167.7
120	319.82	33.323		171.1	171.1
125	321.66	33.323		170.3	170.3
130	312.5	33.323		174.3	174.3
135	310.36	33.323		175.2	175.2
140	319.22	33.323		171.3	171.3
145	340.28	33.325		162.5	162.5
150	325.62	33.325		168.6	168.6
155	318.3	33.323		171.7	171.7
160	319.22	33.325		171.3	171.3
165	295.1	33.325		182.3	182.3
170	220.34	33.325		225.0	225.0
175	138.24	33.325		303.5	303.5
180	82.7	23.982		428.9	428.9
185	71.42	19.489		488.0	488.0
190	54.94	14.515		974.7	974.7
195	52.18	13.881		-999.0	-999.0
200	55.84	14.541		796.0	796.0
205	56.76	16.048		728.1	728.1
210	77.52	21.277		452.3	452.3
215	93.08	26.427		392.7	392.7
220	87.58	24.564		410.4	410.4
225	80.88	23.058		436.6	436.6
230	70.8	20.807		492.3	492.3
235	108.64	30.874		353.7	353.7
240	149.24	33.318		289.3	289.3
245	170.6	33.32		266.0	266.0
250	151.68	33.323		286.4	286.4
255	126.04	33.322		321.6	321.6
260	150.46	33.322		287.9	287.9
265	203.24	33.325		237.5	237.5
270	246.28	33.327		208.3	208.3
275	252.08	33.329		204.9	204.9
280	253	33.331		204.4	204.4
285	315.86	33.331		172.8	172.8
290	323.8	33.331		169.4	169.4
295	317.08	33.331		172.3	172.3
300	310.06	33.333		175.4	175.4
305	319.82	33.333		171.1	171.1
310	317.08	33.333		172.3	172.3
315	318.3	33.333		171.7	171.7
320	338.74	33.331		163.2	163.2
325	334.78	33.334		164.8	164.8
330	330.82	33.334		166.4	166.4
335	272.22	33.334		193.8	193.8
340	244.76	33.336		209.2	209.2
345	269.16	33.336		195.4	195.4
350	282.6	33.334		188.4	188.4
355	289.62	33.334		184.9	184.9
360	215.14	33.336		228.7	228.7
365	157.48	33.334		279.7	279.7
370	187.38	33.334		250.5	250.5
375	186.46	33.334		251.3	251.3
380	184.02	33.334		253.4	253.4
385	178.22	33.334		258.7	258.7
390	159	33.333		278.1	278.1
395	99.8	29.053		374.2	374.2
400	99.18	29.033		375.8	375.8
405	100.4	28.688		372.7	372.7
410	111.7	31.429		347.3	347.3
415	119.32	33.195		333.0	333.0
420	127.56	33.323		319.2	319.2
425	119.02	33.32		333.5	333.5
430	166.94	33.325		269.6	269.6
435	154.12	33.329		283.6	283.6
440	141.9	33.329		298.6	298.6
445	122.98	33.323		326.6	326.6
450	138.54	33.331		303.1	303.1
455	189.2	33.331		248.9	248.9
460	302.74	33.333		178.7	178.7
465	345.76	33.338		160.4	160.4
470	342.4	33.34		161.7	161.7
475	320.12	33.342		170.9	170.9
480	235.9	33.342		214.7	214.7
485	237.74	33.344		213.6	213.6
490	169.06	33.34		267.5	267.5
495	186.46	33.345		251.3	251.3
500	207.52	33.338		234.2	234.2
505	194.1	33.349		244.8	244.8
510	211.48	33.336		231.3	231.3
515	182.18	33.336		255.0	255.0
520	181.88	33.353		255.3	255.3
525	160.82	33.344		276.1	276.1
530	123.3	33.34		326.1	326.1
535	172.72	33.342		263.9	263.9
540	217.9	33.338		226.7	226.7
545	261.54	33.344		199.5	199.5
550	198.66	33.366		241.1	241.1
555	176.4	33.34		260.4	260.4
560	160.82	33.344		276.1	276.1
565	188.6	33.342		249.4	249.4
570	171.82	33.338		264.8	264.8
575	187.38	33.345		250.5	250.5
580	174.86	33.347		261.8	261.8
585	180.06	33.336		257.0	257.0
590	181.28	33.345		255.9	255.9
595	218.5	33.347		226.3	226.3
600	219.12	33.34		225.9	225.9
605	197.44	33.342		242.1	242.1
610	154.72	33.342		282.9	282.9
615	177.92	33.34		258.9	258.9
620	169.06	33.342		267.5	267.5
625	157.78	33.345		279.4	279.4
630	178.22	33.345		258.7	258.7
635	195.92	33.344		243.3	243.3
640	165.72	33.344		270.9	270.9
645	139.78	33.336		301.4	301.4
650	136.72	33.34		305.6	305.6
655	147.1	33.338		291.9	291.9
660	107.12	28.574		357.0	357.0
665	106.82	27.038		357.6	357.6
670	149.24	33.333		289.3	289.3
675	175.48	33.334		261.2	261.2
680	205.38	33.336		235.9	235.9
685	211.8	33.334		231.1	231.1
690	294.5	33.345		182.6	182.6
695	240.48	33.351		211.9	211.9
700	167.54	33.351		269.0	269.0
705	180.36	33.353		256.7	256.7
710	212.7	33.353		230.4	230.4
715	170.6	33.353		266.0	266.0
720	176.4	33.353		260.4	260.4
725	187.98	33.353		249.9	249.9
730	180.66	33.355		256.4	256.4
735	163.26	33.353		273.5	273.5
740	161.74	33.353		275.1	275.1
745	184.94	33.353		252.6	252.6
750	199.9	33.353		240.1	240.1
755	247.8	33.357		207.4	207.4
760	198.36	33.353		241.3	241.3
765	143.74	32.555		296.2	296.2
770	135.5	29.47		307.3	307.3
775	130	27.837		315.4	315.4
780	116.88	24.798		337.4	337.4
785	141.6	29.299		299.0	299.0
790	153.2	31.098		284.6	284.6
795	140.68	29.818		300.2	300.2
800	140.08	29.514		301.0	301.0
805	165.72	33.347		270.9	270.9
810	207.22	33.345		234.5	234.5
815	202.02	33.347		238.5	238.5
820	200.8	33.349		239.4	239.4
825	209.04	33.351		233.1	233.1
830	208.44	33.351		233.6	233.6
835	223.38	33.355		222.9	222.9
840	245.98	33.355		208.5	208.5
845	263.68	33.36		198.4	198.4
850	266.42	33.358		196.9	196.9
855	243.54	33.357		210.0	210.0
860	236.82	33.358		214.1	214.1
865	235.3	33.355		215.1	215.1
870	252.08	33.36		204.9	204.9
875	264.58	33.358		197.9	197.9
880	255.74	33.357		202.8	202.8
885	300.3	33.364		179.8	179.8
890	340.28	33.366		162.5	162.5
895	343.32	33.366		161.3	161.3
900	352.48	33.364		157.7	157.7
905	348.52	33.362		159.3	159.3
910	349.42	33.364		158.9	158.9
915	348.82	33.364		159.2	159.2
920	338.44	33.366		163.3	163.3
925	338.14	33.362		163.4	163.4
930	359.5	33.368		155.1	155.1
935	335.08	33.368		164.7	164.7
940	361.02	33.366		154.5	154.5
945	350.64	33.366		158.5	158.5
950	359.2	33.366		155.2	155.2
955	350.64	33.368		158.5	158.5
960	350.04	33.366		158.7	158.7
965	354.62	33.368		156.9	156.9
970	354	33.366		157.2	157.2
975	341.5	33.366		162.1	162.1
980	361.32	33.368		154.4	154.4
985	365.3	33.368		152.9	152.9
990	343.62	33.368		161.2	161.2
995	356.14	33.368		156.3	156.3
1000	363.16	33.368		153.7	153.7
1005	364.38	33.369		153.3	153.3
1010	359.5	33.368		155.1	155.1
1015	315.24	33.368		173.1	173.1
1020	356.14	33.369		156.3	156.3
1025	333.26	33.369		165.4	165.4
1030	271.6	33.368		194.1	194.1
1035	279.84	33.369		189.8	189.8
1040	227.96	33.368		219.9	219.9
1045	231.32	33.369		217.7	217.7
1050	251.16	33.369		205.4	205.4
1055	247.2	33.368		207.8	207.8
1060	284.42	33.369		187.5	187.5
1065	258.48	33.369		201.2	201.2
1070	264.28	33.369		198.0	198.0
1075	261.54	33.369		199.5	199.5
1080	231.32	33.369		217.7	217.7
1085	281.06	33.369		189.2	189.2
1090	268.86	33.369		195.6	195.6
1095	274.36	33.369		192.6	192.6
1100	261.24	33.369		199.7	199.7
1105	261.54	33.371		199.5	199.5
1110	290.52	33.371		184.5	184.5
1115	281.38	33.369		189.0	189.0
1120	304.56	33.369		177.9	177.9
1125	265.5	33.369		197.4	197.4
1130	274.36	33.371		192.6	192.6
1135	292.96	33.371		183.3	183.3
1140	272.52	33.371		193.6	193.6
1145	262.14	33.371		199.2	199.2
1150	297.54	33.371		181.1	181.1
1155	335.38	33.371		164.5	164.5
1160	332.04	33.373		165.9	165.9
1165	325.32	33.371		168.7	168.7
1170	298.76	33.373		180.6	180.6
1175	292.06	33.371		183.8	183.8
1180	254.22	33.373		203.7	203.7
1185	249.94	33.373		206.2	206.2
1190	246.28	33.371		208.3	208.3
1195	265.5	33.371		197.4	197.4
1200	240.48	33.373		211.9	211.9
1205	274.04	33.371		192.8	192.8
1210	275.88	33.371		191.9	191.9
1215	283.2	33.371		188.1	188.1
1220	271.3	33.371		194.3	194.3
1225	258.18	33.371		201.4	201.4
1230	318.9	33.371		171.5	171.5
1235	343.02	33.371		161.5	161.5
1240	320.12	33.371		170.9	170.9
1245	292.66	33.371		183.5	183.5
1250	264.28	33.371		198.0	198.0
1255	293.58	33.371		183.0	183.0
1260	292.06	33.371		183.8	183.8
1265	285.04	33.369		187.2	187.2
1270	291.74	33.369		183.9	183.9
1275	299.38	33.371		180.3	180.3
1280	283.82	33.371		187.8	187.8
1285	274.96	33.371		192.3	192.3
1290	266.12	33.371		197.0	197.0
1295	259.1	33.371		200.9	200.9
1300	238.34	33.371		213.2	213.2
1305	254.82	33.369		203.3	203.3
1310	243.84	33.369		209.8	209.8
1315	244.44	33.371		209.4	209.4
1320	326.24	33.371		168.3	168.3
1325	325.62	33.371		168.6	168.6
1330	345.46	33.371		160.5	160.5
1335	327.14	33.369		167.9	167.9
1340	242	33.371		210.9	210.9
1345	219.72	33.369		225.4	225.4
1350	243.84	33.371		209.8	209.8
1355	271.6	33.371		194.1	194.1
1360	249.64	33.369		206.3	206.3
1365	256.66	33.371		202.3	202.3
1370	243.22	33.369		210.2	210.2
1375	219.72	33.371		225.4	225.4
1380	244.14	33.369		209.6	209.6
1385	235.6	33.369		214.9	214.9
1390	271.6	33.371		194.1	194.1
1395	224.92	33.371		221.9	221.9
1400	256.66	33.371		202.3	202.3
1405	255.12	33.371		203.2	203.2
1410	231.32	33.371		217.7	217.7
1415	274.66	33.373		192.5	192.5
1420	291.14	33.373		184.2	184.2
1425	256.04	33.373		202.6	202.6
1430	256.34	33.373		202.5	202.5
1435	274.96	33.373		192.3	192.3
1440	270.7	33.373		194.6	194.6
1445	261.54	33.373		199.5	199.5
1450	224.6	33.371		222.1	222.1
1455	195.62	33.371		243.5	243.5
1460	213.92	33.373		229.5	229.5
1465	221.26	33.371		224.4	224.4
1470	202.02	33.375		238.5	238.5
1475	245.66	33.373		208.7	208.7
1480	211.48	33.373		231.3	231.3
1485	221.56	33.371		224.2	224.2
1490	218.5	33.373		226.3	226.3
1495	193.78	33.373		245.1	245.1
1500	214.84	33.373		228.9	228.9
1505	206.9	33.373		234.7	234.7
1510	251.46	33.373		205.3	205.3
1515	243.22	33.375		210.2	210.2
1520	319.22	33.375		171.3	171.3
1525	325.32	33.375		168.7	168.7
1530	264.58	33.373		197.9	197.9
1535	253.9	33.373		203.9	203.9
1540	214.54	33.375		229.1	229.1
1545	209.66	33.375		232.7	232.7
1550	201.12	33.377		239.2	239.2
1555	189.82	33.375		248.4	248.4
1560	266.72	33.377		196.7	196.7
1565	282.9	33.375		188.3	188.3
1570	264.28	33.377		198.0	198.0
1575	235.9	33.377		214.7	214.7
1580	330.2	33.379		166.7	166.7
1585	350.04	33.377		158.7	158.7
1590	328.36	33.379		167.4	167.4
1595	274.96	33.377		192.3	192.3
1600	220.34	33.377		225.0	225.0
1605	216.98	33.379		227.4	227.4
1610	211.48	33.379		231.3	231.3
1615	206.9	33.379		234.7	234.7
1620	222.78	33.377		223.3	223.3
1625	209.96	33.377		232.4	232.4
1630	227.66	33.379		220.1	220.1
1635	335.08	33.379		164.7	164.7
1640	372.62	33.379		150.2	150.2
1645	356.76	33.379		156.1	156.1
1650	357.98	33.379		155.6	155.6
1655	354.3	33.38		157.0	157.0
1660	369.56	33.382		151.4	151.4
1665	337.82	33.382		163.5	163.5
1670	277.1	33.38		191.2	191.2
1675	247.8	33.382		207.4	207.4
1680	227.96	33.38		219.9	219.9
1685	276.8	33.38		191.4	191.4
1690	239.56	33.38		212.4	212.4
1695	299.98	33.38		180.0	180.0
1700	344.84	33.382		160.7	160.7
1705	375.68	33.382		149.1	149.1
1710	375.06	33.382		149.4	149.4
1715	362.54	33.382		153.9	153.9
1720	357.66	33.382		155.8	155.8
1725	362.54	33.38		153.9	153.9
1730	340.58	33.382		162.4	162.4
1735	372.92	33.384		150.1	150.1
1740	359.8	33.382		155.0	155.0
1745	368.66	33.382		151.7	151.7
1750	365.6	33.382		152.8	152.8
1755	368.34	33.382		151.8	151.8
1760	357.36	33.382		155.9	155.9
1765	374.46	33.382		149.6	149.6
1770	374.46	33.384		149.6	149.6
1775	377.8	33.384		148.4	148.4
1780	373.22	33.384		150.0	150.0
1785	369.88	33.384		151.2	151.2
1790	372.32	33.382		150.4	150.4
1795	372	33.384		150.5	150.5
1800	373.22	33.386		150.0	150.0
1805	376.58	33.386		148.8	148.8
1810	380.86	33.384		147.3	147.3
1815	376.58	33.384		148.8	148.8
1820	369.26	33.384		151.5	151.5
1825	373.22	33.386		150.0	150.0
1830	371.7	33.384		150.6	150.6
1835	370.78	33.386		150.9	150.9
1840	372.62	33.386		150.2	150.2
1845	372.32	33.386		150.4	150.4
1850	373.54	33.386		149.9	149.9
1855	375.68	33.386		149.1	149.1
1860	376.58	33.384		148.8	148.8
1865	378.12	33.386		148.3	148.3
1870	372	33.386		150.5	150.5
1875	372.92	33.386		150.1	150.1
1880	371.1	33.386		150.8	150.8
1885	355.84	33.386		156.5	156.5
1890	376.9	33.386		148.7	148.7
1895	376.9	33.386		148.7	148.7
1900	371.7	33.386		150.6	150.6
1905	371.1	33.388		150.8	150.8
1910	368.96	33.386		151.6	151.6
1915	372.32	33.386		150.4	150.4
1920	366.22	33.388		152.6	152.6
1925	352.78	33.386		157.6	157.6
1930	372.92	33.388		150.1	150.1
1935	325.02	33.386		168.8	168.8
1940	170.6	28.691		266.0	266.0
1945	86.98	15.802		412.6	412.6
1950	74.759	12.909		467.1	467.1
					
					
					
					
					
					
					
					
					
					
					
					
					
					
					
					
					
					
					
					
					
					
					
					
					
					
					
					
					
					
					
					
					
					
					
					
					
					
					
					
					
					
					
					
					
					
					
					
					
					
					
					
					
					
					
					
					
					
					
					
					
					
					
					
					
					
					
					
					
					
					
					
					
					
					
					
					
					
					
					
					
					
					
					
					
					
					
					
					
					
					
					
					
					
					
					
					
					
					
					
					
					
					
					
					
					
					
					
					
					
					
					
					
					
					
					
					
					
					
					
					
					
					
					
					
					
					
					
					
					
					
					
					
					
					
					
					
					
					
					
					
					
					
					
					
					
					
					
					
					
					
					
					
					
					
					
					
					
					
					
					
					
					
					
					
					
					
					
					
					
					
					
					
					
					
					
					
					
					
					
					
					
					
					
					
					
					
					
					
					
					
					
					
					
					
					
					
					
					
					
					
					
					
					
					
					
					
					
					
					
					
					
