	This line is more or less perpendicular to the mainline and crosses it at the hut				
EM31					
Dist (m)	BH1	E	Snow	Ice+Snow	Ice
0	424.2	33.307	6.5	133.0	126.5
5	420.22	33.309	5.4	134.2	128.9
10	426.34	33.309	3.3	132.3	129.0
15	424.8	33.309	4.1	132.8	128.7
20	401.92	33.309	10.3	140.1	129.9
25	392.16	33.311	13.3	143.4	130.1
30	387.58	33.309	17.1	145.0	127.9
35	398.26	33.309	11.6	141.3	129.7
40	422.36	33.309	8.0	133.6	125.5
45	421.76	33.303	9.1	133.8	124.7
50	420.54	33.309	9.8	134.1	124.3
55	418.4	33.307	8.4	134.8	126.4
60	411.98	33.307	7.9	136.9	128.9
65	383.6	33.309	17.9	146.3	128.5
70	393.38	33.311	13.4	143.0	129.6
75	349.74	33.309	26.4	158.8	132.4
80	384.22	33.307	11.4	146.1	134.8
85	411.08	33.309	1.7	137.1	135.5
90	408.64	33.309	4.0	137.9	133.9
95	407.4	33.307	4.1	138.3	134.2
100	420.54	33.309	3.8	134.1	130.4
105	425.42	33.309	3.4	132.6	129.3
110	430.3	33.311	4.1	131.1	127.0
115	421.76	33.309	6.7	133.8	127.0
120	390.32	33.307	22.5	144.0	121.6
125	406.5	33.309	19.8	138.6	118.8
130	421.44	33.307	12.3	133.9	121.6
135	424.8	33.305	8.1	132.8	124.7
140	427.24	33.309	4.9	132.1	127.2
145	428.78	33.309	4.5	131.6	127.1
150	424.5	33.309	3.2	132.9	129.7
155	393.98	33.309	12.3	142.8	130.5
160	422.36	33.309	5.4	133.6	128.1
165	424.8	33.309	7.3	132.8	125.5
170	423.58	33.309	8.2	133.2	125.0
175	423.88	33.309	7.9	133.1	125.2
180	419	33.307	7.8	134.6	126.8
185	376.28	33.311	23.4	148.9	125.6
190	375.06	33.309	18.8	149.4	130.6
195	418.7	33.305	4.3	134.7	130.4
200	423.28	33.309	4.1	133.3	129.2
205	418.1	33.309	3.4	134.9	131.5
210	415.96	33.309	3.1	135.6	132.5
215	415.96	33.309	2.7	135.6	132.9
220	419.92	33.311	5.3	134.3	129.0
225	420.54	33.309	6.0	134.1	128.2
230	425.1	33.309	5.8	132.7	126.9
235	425.42	33.307	5.5	132.6	127.1
240	428.16	33.309	4.9	131.8	126.9
245	429.68	33.309	3.8	131.3	127.6
250	430.6	33.309	3.0	131.0	128.0
255	429.68	33.307	3.3	131.3	128.0
260	430.9	33.307	3.2	130.9	127.7
265	429.38	33.309	5.2	131.4	126.2
270	427.86	33.309	3.8	131.9	128.1
275	420.54	33.309	3.6	134.1	130.5
280	408.32	33.309	7.1	138.0	131.0
285	399.78	33.309	14.9	140.8	126.0
290	391.24	33.311	8.5	143.7	135.2
295	386.04	33.309	2.2	145.5	143.3
300	394.6	33.307	2.9	142.6	139.6
305	393.68	33.309	7.3	142.9	135.6
310	382.08	33.307	14.9	146.9	132.0
315	390.32	33.307	14.0	144.0	130.0
320	397.94	33.309	10.5	141.5	130.9
325	415.04	33.309	9.8	135.9	126.1
330	422.98	33.307	6.7	133.4	126.7
335	427.56	33.305	4.4	132.0	127.6
340	426.34	33.303	3.9	132.3	128.4
345	426.02	33.309	2.8	132.4	129.7
350	426.02	33.307	2.9	132.4	129.5
355	410.16	33.309	6.9	137.4	130.5
360	373.84	33.309	19.1	149.8	130.7
365	401	33.307	8.9	140.4	131.6
370	386.66	33.307	10.4	145.3	134.8
375	400.7	33.309	10.5	140.5	130.0
380	415.64	33.307	5.2	135.7	130.4
385	423.28	33.309	3.0	133.3	130.3
390	423.58	33.307	7.1	133.2	126.1
395	411.08	33.309	17.1	137.1	120.0
400	389.7	33.307	23.7	144.2	120.5
405	369.88	33.307	24.9	151.2	126.4
410	308.84	33.307	19.6	175.9	156.3
415	309.76	33.307	11.4	175.5	164.2
420	372.92	33.307	19.0	150.1	131.2
425	416.26	33.307	15.8	135.5	119.7
430	414.12	33.305	14.7	136.2	121.4
435	429.08	33.307	7.5	131.5	124.0
440	429.68	33.307	4.5	131.3	126.8
445	428.16	33.309	3.6	131.8	128.2
450	427.24	33.305	4.8	132.1	127.3
455	430.3	33.309	3.9	131.1	127.2
460	428.16	33.307	4.1	131.8	127.7
465	427.86	33.309	4.9	131.9	127.0
470	428.78	33.309	3.7	131.6	127.9
475	432.74	33.307	5.3	130.4	125.1
480	428.46	33.309	4.8	131.7	126.9
485	430.3	33.309	6.7	131.1	124.4
490	428.78	33.307	7.7	131.6	123.9
495	426.34	33.309	7.3	132.3	125.0
500	431.52	33.309	6.3	130.8	124.5
505	418.1	33.309	12.3	134.9	122.6
510	379.34	33.303	21.6	147.8	126.2
515	383.92	33.309	19.7	146.2	126.5
520	434.26	33.307	3.2	129.9	126.7
525	431.22	33.309	3.5	130.8	127.3
530	423.88	33.309	3.6	133.1	129.5
535	427.86	33.307	3.5	131.9	128.4
540	426.34	33.309	4.0	132.3	128.3
545	420.84	33.307	7.7	134.0	126.3
550	422.66	33.307	6.5	133.5	127.0
555	418.7	33.309	6.6	134.7	128.1
560	427.24	33.309	7.0	132.1	125.1
565	425.1	33.305	6.5	132.7	126.2
570	437.32	33.309	3.6	129.0	125.4
575	364.08	33.305	29.6	153.4	123.8
580	412.6	33.309	8.0	136.7	128.7
585	336.92	33.288	35.2	163.9	128.7
590	415.04	33.288	6.0	135.9	129.8
595	414.12	33.287	6.1	136.2	130.0
600	430	33.287	3.8	131.2	127.4
605	429.08	33.287	4.6	131.5	126.9
610	429.38	33.288	3.7	131.4	127.7
615	418.7	33.285	6.1	134.7	128.6
620	430	33.288	3.8	131.2	127.4
625	430.9	33.288	5.0	130.9	126.0
630	415.64	33.288	7.4	135.7	128.3
635	415.04	33.287	8.8	135.9	127.1
640	428.78	33.288	3.7	131.6	127.9
645	432.44	33.288	3.9	130.5	126.6
650	412.6	33.288	4.4	136.7	132.3
655	430	33.287	3.9	131.2	127.3
660	427.24	33.287	3.4	132.1	128.7
665	422.66	33.287	5.3	133.5	128.2
670	418.1	33.287	3.3	134.9	131.6
675	409.86	33.285	5.2	137.5	132.4
680	412.6	33.285	6.9	136.7	129.7
685	403.14	33.285	13.2	139.7	126.5
690	398.86	33.285	14.7	141.1	126.4
695	406.5	33.288	13.9	138.6	124.7
700	414.12	33.287	12.1	136.2	124.1
705	376.9	33.285	19.2	148.7	129.6
710	417.78	33.285	8.2	135.0	126.8
715	429.08	33.287	6.8	131.5	124.7
720	422.66	33.287	9.3	133.5	124.1
725	422.98	33.285	10.1	133.4	123.3
730	423.88	33.287	10.3	133.1	122.8
735	422.36	33.287	10.0	133.6	123.6
740	416.26	33.287	1.1	135.5	134.4
745	421.76	33.287	11.7	133.8	122.1
750	424.2	33.283	9.8	133.0	123.2
755	423.58	33.287	7.8	133.2	125.3
760	424.5	33.285	6.5	132.9	126.4
765	413.2	33.288	4.2	136.5	132.3
770	426.94	33.285	4.3	132.2	127.8
775	426.64	33.285	4.5	132.2	127.7
780	425.1	33.285	5.0	132.7	127.7
785	423.88	33.287	5.8	133.1	127.3
790	424.5	33.287	5.8	132.9	127.1
795	424.2	33.287	4.6	133.0	128.4
800	422.98	33.285	3.9	133.4	129.5
805	424.8	33.287	4.1	132.8	128.7
810	428.78	33.287	4.5	131.6	127.1
815	425.72	33.285	3.3	132.5	129.2
820	426.94	33.285	5.0	132.2	127.2
825	422.36	33.287	8.0	133.6	125.6
830	423.58	33.287	7.1	133.2	126.1
835	426.64	33.285	5.2	132.2	127.0
840	427.56	33.287	4.9	132.0	127.0
845	426.02	33.285	4.7	132.4	127.7
850	426.02	33.285	5.5	132.4	126.9
855	424.5	33.287	5.4	132.9	127.5
860	395.82	33.285	12.9	142.2	129.2
865	427.24	33.285	7.3	132.1	124.8
870	426.64	33.285	6.3	132.2	126.0
875	424.8	33.283	5.1	132.8	127.7
880	420.84	33.285	5.4	134.0	128.7
885	428.46	33.285	3.9	131.7	127.8
890	427.56	33.285	6.2	132.0	125.8
895	416.88	33.287	8.8	135.3	126.5
900	417.48	33.287	9.1	135.1	126.0
905	416.56	33.285	10.6	135.4	124.8
910	415.96	33.287	11.0	135.6	124.6
915	419.62	33.285	9.9	134.4	124.5
920	422.98	33.285	7.8	133.4	125.5
925	421.76	33.285	5.8	133.8	127.9
930	425.42	33.281	4.5	132.6	128.2
935	425.42	33.285	4.3	132.6	128.3
940	423.58	33.285	4.1	133.2	129.0
945	423.28	33.285	4.0	133.3	129.3
950	426.02	33.283	4.1	132.4	128.4
955	420.84	33.283	4.2	134.0	129.8
960	425.72	33.285	3.9	132.5	128.6
965	424.8	33.285	4.1	132.8	128.7
970	425.42	33.281	4.8	132.6	127.8
975	422.36	33.285	3.9	133.6	129.7
980	377.5	33.283	19.7	148.5	128.8
985	418.7	33.285	4.3	134.7	130.4
990	423.58	33.283	4.8	133.2	128.4
995	423.88	33.283	3.5	133.1	129.6
1000	424.5	33.285	4.2	132.9	128.7
1005	414.12	33.281	5.4	136.2	130.7
1010	420.84	33.283	3.8	134.0	130.2
1015	419	33.283	3.6	134.6	131.0
1020	416.26	33.285	3.0	135.5	132.5
1025	404.96	33.285	1.9	139.1	137.3
1030	403.44	33.283	3.3	139.6	136.3
1035	405.28	33.279	2.3	139.0	136.7
1040	405.58	33.279	3.5	138.9	135.4
					
					
					
					
					
					
					
					
					
					
					
					
					
					
					
					
					
					
					
					
					
					
					
					
					
					
					
					
					
					
					
					
					
					
					
					
					
					
					
					
					
					
					
					
					
					
					
					
					
					
					
					
					
					
					
					
					
					
					
					
					
					
					
					
					
					
					
					
					
					
					
					
					
					
					
					
					
					
					
					
					
