	" On Elson Lagoon; either a cross-line at the Cook Sled, or a SW line from sled toward stake 2.21 km"					
EM31						
Dist (m)	BH1	E	Snow	Ice+Snow	Ice	Comments
0	372	33.377		150.5	150.5	
5	356.14	33.364		156.3	156.3	
10	369.26	33.362		151.5	151.5	
15	340.88	33.36		162.3	162.3	
20	353.7	33.362		157.3	157.3	
25	371.4	33.362		150.7	150.7	
30	357.06	33.36		156.0	156.0	
35	331.42	33.36		166.2	166.2	
40	358.88	33.358		155.3	155.3	
45	307	33.362		176.8	176.8	
50	309.76	33.358		175.5	175.5	
55	344.54	33.36		160.8	160.8	
60	303.96	33.36		178.1	178.1	
65	312.2	33.358		174.4	174.4
70	351.26	33.358		158.2	158.2
75	359.8	33.357		155.0	155.0
80	341.8	33.358		161.9	161.9
85	322.88	33.358		169.8	169.8
90	314.64	33.358		173.3	173.3
95	318.9	33.358		171.5	171.5
100	301.82	33.357		179.1	179.1
105	277.1	33.357		191.2	191.2
110	273.44	33.355		193.1	193.1
115	318	33.355		171.9	171.9
120	316.46	33.355		172.5	172.5
125	331.12	33.353		166.3	166.3
130	355.22	33.353		156.7	156.7
135	361.64	33.353		154.3	154.3
140	375.06	33.355		149.4	149.4
145	362.86	33.355		153.8	153.8
150	337.22	33.353		163.8	163.8
155	290.22	33.353		184.6	184.6
160	301.2	33.353		179.4	179.4
165	331.42	33.353		166.2	166.2
170	327.14	33.353		167.9	167.9
175	334.48	33.353		164.9	164.9
180	323.48	33.351		169.5	169.5
185	368.96	33.351		151.6	151.6
190	370.48	33.351		151.0	151.0
195	344.24	33.351		161.0	161.0
200	335.08	33.349		164.7	164.7
205	323.48	33.349		169.5	169.5
210	332.94	33.349		165.5	165.5
215	354.62	33.349		156.9	156.9
220	351.86	33.349		158.0	158.0
225	321.36	33.349		170.4	170.4
230	336.3	33.349		164.2	164.2
235	326.84	33.349		168.1	168.1
240	328.06	33.347		167.6	167.6
245	331.72	33.345		166.0	166.0
250	349.42	33.345		158.9	158.9
255	357.66	33.345		155.8	155.8
260	359.5	33.345		155.1	155.1
265	349.42	33.345		158.9	158.9
270	358.88	33.347		155.3	155.3
275	316.16	33.344		172.7	172.7
280	336	33.345		164.3	164.3
285	342.72	33.344		161.6	161.6
290	360.42	33.345		154.7	154.7
295	343.62	33.345		161.2	161.2
300	366.22	33.345		152.6	152.6
305	357.06	33.344		156.0	156.0
310	328.68	33.344		167.3	167.3
315	350.34	33.345		158.6	158.6
320	348.82	33.344		159.2	159.2
325	323.18	33.342		169.6	169.6
330	315.24	33.342		173.1	173.1
335	330.82	33.344		166.4	166.4
340	321.36	33.342		170.4	170.4
345	293.28	33.344		183.2	183.2
350	292.96	33.342		183.3	183.3
355	294.5	33.34		182.6	182.6
360	310.66	33.34		175.1	175.1
365	328.98	33.342		167.2	167.2
370	331.42	33.342		166.2	166.2
375	316.78	33.342		172.4	172.4
380	344.84	33.34		160.7	160.7
385	304.26	33.34		178.0	178.0
390	317.08	33.34		172.3	172.3
395	325.62	33.34		168.6	168.6
400	325.62	33.34		168.6	168.6
405	337.22	33.34		163.8	163.8
410	347.28	33.34		159.8	159.8
415	336.92	33.34		163.9	163.9
420	328.36	33.34		167.4	167.4
425	318.3	33.34		171.7	171.7
430	311.58	33.338		174.7	174.7
435	337.52	33.338		163.7	163.7
440	308.54	33.338		176.1	176.1
445	303.96	33.338		178.1	178.1
450	317.68	33.338		172.0	172.0
455	303.34	33.336		178.4	178.4
460	325.02	33.336		168.8	168.8
465	327.14	33.334		167.9	167.9
470	330.82	33.334		166.4	166.4
475	340.28	33.336		162.5	162.5
480	347.28	33.336		159.8	159.8
485	333.86	33.336		165.2	165.2
490	312.2	33.336		174.4	174.4
495	332.94	33.336		165.5	165.5
500	336	33.336		164.3	164.3
505	327.76	33.336		167.7	167.7
510	295.1	33.336		182.3	182.3
515	328.36	33.336		167.4	167.4
520	314.34	33.336		173.5	173.5
525	330.82	33.336		166.4	166.4
530	317.68	33.336		172.0	172.0
535	333.26	33.336		165.4	165.4
540	343.32	33.336		161.3	161.3
545	333.56	33.336		165.3	165.3
550	337.52	33.336		163.7	163.7
555	341.5	33.336		162.1	162.1
560	347.9	33.338		159.5	159.5
565	331.72	33.338		166.0	166.0
570	321.04	33.336		170.5	170.5
575	342.72	33.336		161.6	161.6
580	370.78	33.336		150.9	150.9
585	349.74	33.336		158.8	158.8
590	326.24	33.334		168.3	168.3
595	310.98	33.336		175.0	175.0
600	334.16	33.336		165.0	165.0
605	344.54	33.336		160.8	160.8
					
					
					
					
					
					
					
					
					
					
					
					
					
					
					
					
					
					
					
					
					
					
					
					
					
					
					
					
					
					
					
					
					
					
					
					
					
					
					
					
					
					
					
					
					
					
					
					
					
					
					
					
					
					
					
					
					
					
					
					
					
					
					
					
					
					
					
					
					
					
					
					
					
					
					
					
					
					
					
					
					
					
					
					
					
					
					
					
					
					
					
					
					
					
					
					
					
					
					
					
					
					
					
					
					
					
					
					
					
					
					
					
					
					
					
					
					
					
					
					
					
					
					
					
					
					
					
					
					
					
					
					
					
					
					
					
					
					
					
					
					
					
					
					
					
					
					
					
					
					
					
					
					
					
					
					
					
					
					
					
					
					
					
					
					
					
					
					
					
					
					
					
					
					
					
					
					
					
					
					
					
					
					
					
					
					
					
					
					
					
					
					
					
					
					
					
					
					
					
					
					
					
					
					
					
					
					
					
					
					
					
					
					
					
					
					
					
					
					
					
					
					
					
					
					
					
					
					
					
					
					
					
					
					
					
					
					
					
					
					
					
					
					
					
					
					
					
					
					
					
					
					
					
					
					
					
					
					
					
					
					
					
					
					
					
					
					
					
					
					
					
					
					
					
					
					
					
					
					
					
					
					
					
					
					
					
					
					
					
					
					
					
					
					
					
					
					
					
					
					
					
					
					
					
					
					
					
					
					
					
					
					
					
					
					
					
					
					
					
					
					
					
					
					
					
					
					
					
					
					
					
					
					
					
					
					
					
					
					
					
					
					
					
					
					
					
					
					
					
					
					
					
					
					
					
					
					
					
					
					
					
					
					
					
					
					
					
					
					
					
					
					
					
					
					
					
					
					
					
					
					
					
					
					
					
					
					
					
					
					
					
					
					
					
					
					
					
					
					
					
					
					
					
					
					
					
					
					
					
					
					
					
					
					
					
					
					
					
					
					
					
					
					
					
					
					
					
					
					
					
					
					
					
					
					
					
					
					
					
					
					
					
					
					
					
					
					
					
					
					
					
					
					
					
					
					
					
					
					
					
					
					
					
					
					
					
					
					
					
					
					
					
					
					
					
					
					
					
					
					
					
