	This is offshore towards inshore from the end of the line to stake 4.5				
EM31					
Dist (m)	BH1	E	Snow	Ice+Snow	Ice
0	439.76	33.413	6.07	128.3	122.2
5	439.14	33.413	6.07	128.5	122.4
10	429.38	33.417	3.74	131.4	127.7
15	449.52	33.417	2.38	125.4	123.0
20	451.66	33.417	3.66	124.8	121.1
25	449.82	33.417	3.58	125.3	121.7
30	441.9	33.417	3.18	127.6	124.5
35	447.08	33.417	1.50	126.1	124.6
40	442.2	33.415	2.38	127.5	125.2
45	440.06	33.417	2.86	128.2	125.3
50	451.04	33.417	2.78	125.0	122.2
55	451.36	33.415	1.82	124.9	123.0
60	444.34	33.417	2.78	126.9	124.1
65	439.14	33.417	3.34	128.5	125.1
70	442.2	33.417	2.94	127.5	124.6
75	430.9	33.415	1.74	130.9	129.2
80	429.08	33.413	4.79	131.5	126.7
85	430.3	33.413	2.22	131.1	128.9
90	435.8	33.415	1.74	129.5	127.7
95	446.16	33.413	3.82	126.4	122.6
100	437.62	33.413	4.71	128.9	124.2
105	422.36	33.415	0.93	133.6	132.6
110	404.36	33.413	2.70	139.3	136.6
115	393.98	33.413	2.94	142.8	139.8
120	382.08	33.413	5.91	146.9	141.0
125	404.96	33.412	9.84	139.1	129.3
130	400.7	33.413	1.42	140.5	139.1
135	404.96	33.413	1.10	139.1	138.0
140	399.16	33.413	1.58	141.0	139.5
145	415.34	33.413	1.90	135.8	133.9
150	433.34	33.415	4.15	130.2	126.1
155	427.86	33.413	6.63	131.9	125.2
160	425.72	33.412	5.83	132.5	126.7
165	429.08	33.413	7.44	131.5	124.1
170	431.52	33.412	1.34	130.8	129.4
175	414.12	33.413	0.85	136.2	135.3
180	395.82	33.413	6.95	142.2	135.2
185	428.46	33.413	3.66	131.7	128.0
190	442.8	33.413	3.02	127.4	124.3
195	444.94	33.412	3.74	126.7	123.0
200	448	33.412	6.15	125.8	119.7
205	437.62	33.412	15.62	128.9	113.3
210	402.52	33.412	10.73	139.9	129.2
215	393.06	33.412	9.84	143.1	133.3
220	340.88	33.412	1.02	162.3	161.3
225	372.62	33.412	3.99	150.2	146.3
230	412.6	33.412	1.26	136.7	135.4
235	360.1	33.412	17.07	154.9	137.8
240	250.24	33.412	7.68	206.0	198.3
245	260.92	33.413	25.58	199.9	174.3
250	253.6	33.413	6.43	204.0	197.6
255	257.88	33.412	20.12	201.6	181.5
260	227.36	33.412	3.18	220.3	217.1
265	273.74	33.412	6.15	193.0	186.8
270	300.3	33.41	2.46	179.8	177.4
275	341.5	33.412	9.44	162.1	152.6
280	402.22	33.41	1.02	140.0	139.0
285	417.18	33.41	3.66	135.2	131.5
290	419.92	33.412	19.48	134.3	114.9
295	359.2	33.41	39.94	155.2	115.2
300	249.94	33.41	5.99	206.2	200.2
305	234.06	33.41	9.20	215.9	206.7
310	274.96	33.412	19.08	192.3	173.3
315	241.4	33.41	37.78	211.3	173.5
320	253.3	33.41	17.07	204.2	187.1
325	269.48	33.41	12.05	195.2	183.2
330	282.9	33.41	8.76	188.3	179.5
335	356.14	33.41	4.31	156.3	152.0
340	387.26	33.408	5.31	145.1	139.8
345	401.62	33.41	4.39	140.2	135.8
350	399.78	33.408	7.44	140.8	133.4
355	396.42	33.408	2.54	142.0	139.4
360	382.38	33.408	1.90	146.8	144.9
365	367.12	33.41	7.36	152.2	144.9
370	410.16	33.408	1.90	137.4	135.5
375	433.34	33.408	3.02	130.2	127.2
380	394.28	33.41	12.98	142.7	129.7
385	398.56	33.408	12.58	141.2	128.7
390	406.18	33.408	5.27	138.7	133.5
395	391.84	33.408	4.63	143.5	138.9
400	372	33.408	7.68	150.5	142.8
405	412.3	33.408	14.02	136.8	122.7
410	415.34	33.408	1.10	135.8	134.7
415	409.24	33.408	2.58	137.7	135.2
420	416.88	33.408	1.66	135.3	133.6
425	419.92	33.408	2.30	134.3	132.0
430	415.04	33.408	4.39	135.9	131.5
435	422.06	33.408	2.70	133.7	131.0
440	426.34	33.408	1.10	132.3	131.2
445	430.6	33.408	2.22	131.0	128.8
450	434.58	33.408	2.38	129.8	127.4
455	410.16	33.408	3.10	137.4	134.3
460	434.88	33.408	3.18	129.7	126.6
465	437.32	33.408	4.39	129.0	124.6
470	430.6	33.41	2.30	131.0	128.7
475	427.86	33.408	2.06	131.9	129.8
480	421.14	33.406	3.83	134.0	130.1
485	415.04	33.408	2.62	135.9	133.3
490	417.78	33.408	1.18	135.0	133.8
495	433.96	33.408	1.90	130.0	128.1
500	436.1	33.408	3.26	129.4	126.1
505	412.9	33.408	3.50	136.6	133.1
510	401	33.406	3.83	140.4	136.6
515	442.5	33.406	1.26	127.5	126.2
520	455.32	33.41	3.75	123.7	120.0
525	459.28	33.408	4.15	122.6	118.5
530	436.1	33.408	5.11	129.4	124.3
535	361.32	33.408	15.07	154.4	139.3
540	319.82	33.406	6.07	171.1	165.0
545	283.82	33.408	1.74	187.8	186.1
550	260.32	33.41	19.64	200.2	180.6
555	282.28	33.41	36.02	188.6	152.6
560	365.6	33.408	22.13	152.8	130.7
565	409.54	33.408	13.54	137.6	124.1
570	444.04	33.408	8.88	127.0	118.1
575	442.2	33.41	3.26	127.5	124.3
580	440.98	33.41	3.18	127.9	124.7
585	438.84	33.41	4.63	128.5	123.9
590	445.56	33.408	6.80	126.6	119.8
595	448.3	33.41	1.74	125.8	124.0
600	438.24	33.408	2.38	128.7	126.3
605	444.34	33.41	5.27	126.9	121.6
610	442.8	33.41	3.02	127.4	124.3
615	437.62	33.408	2.94	128.9	126.0
620	440.68	33.408	4.95	128.0	123.0
625	439.14	33.41	2.38	128.5	126.1
630	444.94	33.41	2.78	126.7	124.0
635	448.6	33.41	2.10	125.7	123.6
640	450.74	33.41	3.91	125.0	121.1
645	443.12	33.41	3.59	127.3	123.7
650	441.9	33.41	3.67	127.6	124.0
655	441.58	33.41	4.87	127.7	122.9
660	432.44	33.41	4.63	130.5	125.8
665	420.84	33.41	5.35	134.0	128.7
670	406.8	33.41	3.18	138.5	135.3
675	362.24	33.41	7.32	154.0	146.7
680	373.54	33.412	7.44	149.9	142.5
685	422.36	33.412	21.17	133.6	112.4
690	455.62	33.41	18.60	123.6	105.0
695	437.32	33.41	4.31	129.0	124.7
700	438.24	33.412	10.01	128.7	118.7
705	444.04	33.412	5.51	127.0	121.5
710	430.3	33.412	8.48	131.1	122.6
715	450.14	33.412	13.78	125.2	111.4
720	445.56	33.412	3.18	126.6	123.4
725	446.16	33.412	3.51	126.4	122.9
730	451.36	33.41	3.06	124.9	121.8
735	447.7	33.412	3.10	125.9	122.8
740	445.56	33.412	5.59	126.6	121.0
745	413.2	33.41	6.56	136.5	129.9
750	417.78	33.412	14.91	135.0	120.1
755	440.06	33.412	17.36	128.2	110.8
760	437.02	33.412	4.31	129.1	124.8
765	438.54	33.412	4.39	128.6	124.2
770	436.4	33.412	5.11	129.3	124.2
775	415.04	33.41	7.12	135.9	128.8
780	415.34	33.412	16.43	135.8	119.4
785	411.38	33.412	6.64	137.1	130.4
790	409.86	33.412	3.75	137.5	133.8
795	407.72	33.41	5.91	138.2	132.3
800	385.44	33.412	7.68	145.7	138.0
805	397.94	33.41	13.94	141.5	127.5
810	388.18	33.412	14.19	144.8	130.6
815	402.84	33.412	14.67	139.8	125.2
820	412.6	33.412	5.83	136.7	130.8
825	410.16	33.412	3.18	137.4	134.3
830	412.3	33.412	2.06	136.8	134.7
835	415.34	33.412	1.90	135.8	133.9
840	419.62	33.412	3.51	134.4	130.9
845	411.38	33.412	12.02	137.1	125.0
850	422.36	33.413	11.13	133.6	122.4
855	427.24	33.412	11.05	132.1	121.0
860	395.2	33.413	8.00	142.4	134.4
865	389.4	33.413	13.22	144.3	131.1
870	346.68	33.412	5.91	160.0	154.1
875	354.62	33.412	6.88	156.9	150.0
880	332.94	33.412	8.89	165.5	156.6
885	345.46	33.412	6.64	160.5	153.8
890	378.72	33.413	10.01	148.1	138.1
895	412.3	33.413	19.65	136.8	117.1
900	427.86	33.412	17.32	131.9	114.6
905	434.26	33.412	10.73	129.9	119.2
910	405.28	33.412	5.91	139.0	133.1
915	408.94	33.412	17.32	137.8	120.5
920	429.68	33.413	13.54	131.3	117.8
925	424.8	33.412	3.18	132.8	129.6
930	431.52	33.412	6.88	130.8	123.9
935	438.84	33.412	8.97	128.5	119.6
940	430.9	33.412	4.55	130.9	126.4
945	434.26	33.413	7.36	129.9	122.6
950	438.24	33.412	9.29	128.7	119.4
955	439.46	33.412	11.01	128.4	117.3
960	439.76	33.413	9.85	128.3	118.4
965	447.08	33.41	10.33	126.1	115.8
970	441.58	33.412	5.59	127.7	122.1
975	430.9	33.413	7.84	130.9	123.1
980	433.96	33.412	12.50	130.0	117.5
985	440.06	33.413	14.99	128.2	113.2
990	444.04	33.413	9.45	127.0	117.6
995	440.06	33.41	4.23	128.2	124.0
1000	441.28	33.413	6.32	127.8	121.5
1005	435.18	33.412	5.63	129.6	124.0
1010	439.46	33.415	12.58	128.4	115.8
1015	446.16	33.413	10.33	126.4	116.0
1020	448.6	33.413	5.11	125.7	120.6
1025	416.88	33.412	6.72	135.3	128.6
1030	427.56	33.413	21.01	132.0	110.9
1035	427.56	33.412	11.30	132.0	120.7
1040	433.04	33.413	10.25	130.3	120.0
1045	442.8	33.413	6.96	127.4	120.4
1050	441.58	33.413	7.12	127.7	120.6
1055	448.6	33.412	6.48	125.7	119.2
1060	443.72	33.412	5.59	127.1	121.5
1065	450.14	33.413	2.30	125.2	122.9
1070	421.14	33.413	3.67	134.0	130.3
1075	418.1	33.415	16.12	134.9	118.8
					
					
					
					
					
					
					
					
					
					
					
					
					
					
					
					
					
					
					
					
					
					
					
					
					
					
					
					
					
					
					
					
					
					
					
					
					
					
					
					
					
					
					
					
					
					
					
					
					
					
					
					
					
					
					
					
					
					
					
					
					
					
					
					
					
					
					
					
					
					
					
					
					
					
					
					
					
					
					
					
