	"Start at the Cook Sled, and head toward the Beaufort. John G. and Don Perovich. "					
	Runs from 2.78 km to 5.42 km stake (running NE)					
EM31	Spacing is 5-m nominal.  On the Beuafort it was closer to 5.5m.					
Dist (m)	BH1	E	Snow	Ice+Snow	Ice	Comments
0	298.76	33.314		180.6	180.6	
5	289.62	33.323		184.9	184.9	
10	292.96	33.323		183.3	183.3	
15	311.58	33.325		174.7	174.7	
20	304.88	33.323		177.7	177.7	
25	288.4	33.323		185.5	185.5	
30	294.8	33.323		182.4	182.4	
35	286.56	33.323		186.4	186.4	
40	292.66	33.323		183.5	183.5	
45	300.9	33.323		179.6	179.6	
50	309.14	33.323		175.8	175.8	
55	295.1	33.323		182.3	182.3	
60	289	33.32		185.2	185.2
65	275.26	33.323		192.2	192.2
70	279.84	33.323		189.8	189.8
75	292.06	33.322		183.8	183.8
80	284.42	33.322		187.5	187.5
85	276.18	33.323		191.7	191.7
90	267.02	33.323		196.5	196.5
95	278.94	33.322		190.3	190.3
100	276.18	33.322		191.7	191.7
105	277.4	33.32		191.1	191.1
110	274.96	33.323		192.3	192.3
115	275.26	33.322		192.2	192.2
120	271.92	33.323		193.9	193.9
125	265.8	33.322		197.2	197.2
130	265.2	33.323		197.5	197.5
135	256.04	33.32		202.6	202.6
140	248.42	33.322		207.1	207.1
145	253.6	33.318		204.0	204.0
150	252.08	33.32		204.9	204.9
155	250.54	33.32		205.8	205.8
160	247.5	33.322		207.6	207.6
165	231.32	33.318		217.7	217.7
170	235.6	33.318		214.9	214.9
175	250.86	33.314		205.6	205.6
180	258.48	33.32		201.2	201.2
185	244.76	33.32		209.2	209.2
190	229.8	33.318		218.6	218.6
195	223.38	33.316		222.9	222.9
200	217.6	33.316		226.9	226.9
205	214.84	33.318		228.9	228.9
210	217.28	33.316		227.2	227.2
215	204.16	33.316		236.8	236.8
220	212.1	33.314		230.9	230.9
225	216.98	33.316		227.4	227.4
230	203.24	33.316		237.5	237.5
235	210.88	33.316		231.8	231.8
240	219.42	33.312		225.7	225.7
245	218.82	33.309		226.1	226.1
250	211.48	33.314		231.3	231.3
255	216.36	33.314		227.8	227.8
260	224.92	33.312		221.9	221.9
265	228.28	33.314		219.6	219.6
270	219.42	33.312		225.7	225.7
275	209.96	33.314		232.4	232.4
280	215.76	33.312		228.2	228.2
285	216.36	33.314		227.8	227.8
290	206.6	33.311		234.9	234.9
295	225.84	33.312		221.3	221.3
300	229.18	33.314		219.0	219.0
305	224.92	33.312		221.9	221.9
310	218.5	33.311		226.3	226.3
315	238.64	33.314		213.0	213.0
320	232.24	33.312		217.1	217.1
325	232.24	33.312		217.1	217.1
330	230.4	33.312		218.3	218.3
335	218.82	33.312		226.1	226.1
340	218.5	33.312		226.3	226.3
345	199.9	33.312		240.1	240.1
350	216.68	33.311		227.6	227.6
355	214.24	33.312		229.3	229.3
360	203.86	33.311		237.0	237.0
365	211.18	33.309		231.5	231.5
370	209.04	33.312		233.1	233.1
375	195.62	33.311		243.5	243.5
380	195.92	33.311		243.3	243.3
385	199.9	33.311		240.1	240.1
390	196.22	33.309		243.1	243.1
395	196.22	33.309		243.1	243.1
400	201.12	33.309		239.2	239.2
405	207.22	33.309		234.5	234.5
410	201.72	33.309		238.7	238.7
415	212.1	33.309		230.9	230.9
420	202.02	33.311		238.5	238.5
425	193.48	33.305		245.3	245.3
430	205.38	33.309		235.9	235.9
435	204.16	33.307		236.8	236.8
440	207.82	33.311		234.0	234.0
445	205.08	33.309		236.1	236.1
450	213.62	33.309		229.8	229.8
455	212.4	33.309		230.6	230.6
460	212.1	33.305		230.9	230.9
465	193.78	33.309		245.1	245.1
470	193.48	33.309		245.3	245.3
475	191.66	33.305		246.8	246.8
480	186.76	33.305		251.0	251.0
485	200.5	33.305		239.6	239.6
490	220.94	33.305		224.6	224.6
495	218.5	33.305		226.3	226.3
500	213.62	33.307		229.8	229.8
505	213.62	33.309		229.8	229.8
510	206.3	33.309		235.2	235.2
515	204.16	33.307		236.8	236.8
520	195.62	33.307		243.5	243.5
525	214.54	33.307		229.1	229.1
530	221.26	33.307		224.4	224.4
535	216.68	33.307		227.6	227.6
540	212.7	33.307		230.4	230.4
545	209.04	33.305		233.1	233.1
550	215.76	33.305		228.2	228.2
555	197.76	33.307		241.8	241.8
560	215.46	33.305		228.4	228.4
565	214.24	33.305		229.3	229.3
570	214.24	33.305		229.3	229.3
575	196.54	33.305		242.8	242.8
580	207.82	33.305		234.0	234.0
585	202.64	33.303		238.0	238.0
590	202.34	33.307		238.2	238.2
595	204.46	33.305		236.6	236.6
600	201.42	33.305		238.9	238.9
605	199.28	33.305		240.6	240.6
610	220.64	33.303		224.8	224.8
615	233.16	33.307		216.5	216.5
620	232.24	33.305		217.1	217.1
625	224.3	33.305		222.3	222.3
630	227.06	33.307		220.5	220.5
635	226.74	33.305		220.7	220.7
640	201.42	33.305		238.9	238.9
645	198.66	33.301		241.1	241.1
650	202.64	33.305		238.0	238.0
655	210.88	33.305		231.8	231.8
660	210.88	33.303		231.8	231.8
665	208.44	33.303		233.6	233.6
670	206.3	33.303		235.2	235.2
675	198.36	33.303		241.3	241.3
680	199.9	33.303		240.1	240.1
685	206.3	33.303		235.2	235.2
690	202.02	33.301		238.5	238.5
695	204.16	33.298		236.8	236.8
700	189.2	33.296		248.9	248.9
705	188.6	33.3		249.4	249.4
710	200.5	33.301		239.6	239.6
715	192.56	33.3		246.1	246.1
720	204.78	33.301		236.3	236.3
725	209.04	33.301		233.1	233.1
730	206	33.301		235.4	235.4
735	197.14	33.301		242.3	242.3
740	186.76	33.296		251.0	251.0
745	212.1	33.301		230.9	230.9
750	210.26	33.3		232.2	232.2
755	195.62	33.301		243.5	243.5
760	192.26	33.303		246.3	246.3
765	216.98	33.298		227.4	227.4
770	210.26	33.301		232.2	232.2
775	204.46	33.301		236.6	236.6
780	219.72	33.3		225.4	225.4
785	219.42	33.3		225.7	225.7
790	223.7	33.3		222.7	222.7
795	203.86	33.3		237.0	237.0
800	211.18	33.3		231.5	231.5
805	220.04	33.301		225.2	225.2
810	226.44	33.3		220.9	220.9
815	216.06	33.301		228.0	228.0
820	215.14	33.3		228.7	228.7
825	218.5	33.296		226.3	226.3
830	218.5	33.3		226.3	226.3
835	215.76	33.3		228.2	228.2
840	200.8	33.3		239.4	239.4
845	200.5	33.3		239.6	239.6
850	203.24	33.3		237.5	237.5
855	198.06	33.296		241.6	241.6
860	191.96	33.3		246.6	246.6
865	194.7	33.298		244.3	244.3
870	190.42	33.298		247.9	247.9
875	189.52	33.298		248.6	248.6
880	193.18	33.296		245.5	245.5
885	202.64	33.296		238.0	238.0
890	193.18	33.298		245.5	245.5
895	213.92	33.298		229.5	229.5
900	237.12	33.298		213.9	213.9
905	226.14	33.298		221.1	221.1
910	231.32	33.298		217.7	217.7
915	233.76	33.298		216.1	216.1
920	229.5	33.298		218.8	218.8
925	250.54	33.298		205.8	205.8
930	242.62	33.3		210.5	210.5
935	256.34	33.298		202.5	202.5
940	260.92	33.298		199.9	199.9
945	249.94	33.298		206.2	206.2
950	256.34	33.3		202.5	202.5
955	249.02	33.298		206.7	206.7
960	244.44	33.298		209.4	209.4
965	250.24	33.298		206.0	206.0
970	247.2	33.3		207.8	207.8
975	256.96	33.296		202.1	202.1
980	250.24	33.298		206.0	206.0
985	264.28	33.3		198.0	198.0
990	251.76	33.298		205.1	205.1
995	232.84	33.294		216.7	216.7
1000	276.48	33.3		191.5	191.5
1005	278.94	33.3		190.3	190.3
1010	263.36	33.298		198.5	198.5
1015	259.1	33.3		200.9	200.9
1020	276.48	33.3		191.5	191.5
1025	281.38	33.298		189.0	189.0
1030	291.14	33.3		184.2	184.2
1035	287.48	33.296		186.0	186.0
1040	265.5	33.3		197.4	197.4
1045	282.28	33.298		188.6	188.6
1050	298.46	33.3		180.7	180.7
1055	266.72	33.3		196.7	196.7
1060	284.72	33.3		187.4	187.4
1065	282.9	33.296		188.3	188.3
1070	280.46	33.3		189.5	189.5
1075	271	33.298		194.4	194.4
1080	264.58	33.298		197.9	197.9
1085	273.74	33.298		193.0	193.0
1090	304.26	33.3		178.0	178.0
1095	313.12	33.298		174.0	174.0
1100	300.6	33.298		179.7	179.7
1105	289.92	33.298		184.8	184.8
1110	309.44	33.298		175.7	175.7
1115	307	33.298		176.8	176.8
1120	299.38	33.298		180.3	180.3
1125	310.66	33.3		175.1	175.1
1130	314.94	33.3		173.2	173.2
1135	313.42	33.296		173.9	173.9
1140	314.34	33.3		173.5	173.5
1145	304.56	33.3		177.9	177.9
1150	294.5	33.3		182.6	182.6
1155	301.52	33.3		179.3	179.3
1160	316.16	33.298		172.7	172.7
1165	295.72	33.3		182.0	182.0
1170	277.1	33.296		191.2	191.2
1175	271.3	33.296		194.3	194.3
1180	278.32	33.298		190.6	190.6
1185	274.04	33.298		192.8	192.8
1190	277.7	33.298		190.9	190.9
1195	281.68	33.294		188.9	188.9
1200	301.2	33.294		179.4	179.4
1205	307	33.3		176.8	176.8
1210	285.34	33.298		187.0	187.0
1215	318.6	33.296		171.6	171.6
1220	328.06	33.298		167.6	167.6
1225	302.12	33.294		179.0	179.0
1230	292.06	33.298		183.8	183.8
1235	300.9	33.294		179.6	179.6
1240	307.32	33.296		176.6	176.6
1245	312.8	33.294		174.1	174.1
1250	320.12	33.292		170.9	170.9
1255	301.52	33.292		179.3	179.3
1260	276.48	33.294		191.5	191.5
1265	288.4	33.292		185.5	185.5
1270	285.64	33.294		186.9	186.9
1275	293.28	33.292		183.2	183.2
1280	300.9	33.294		179.6	179.6
1285	295.72	33.294		182.0	182.0
1290	300.9	33.294		179.6	179.6
1295	303.64	33.294		178.3	178.3
1300	298.16	33.292		180.8	180.8
1305	293.28	33.292		183.2	183.2
1310	268.24	33.29		195.9	195.9
1315	314.94	33.288		173.2	173.2
1320	304.88	33.292		177.7	177.7
1325	301.52	33.29		179.3	179.3
1330	313.12	33.29		174.0	174.0
1335	322.26	33.29		170.0	170.0
1340	328.98	33.29		167.2	167.2
1345	312.2	33.29		174.4	174.4
1350	287.18	33.29		186.1	186.1
1355	311.88	33.29		174.6	174.6
1360	286.86	33.29		186.3	186.3
1365	297.24	33.29		181.3	181.3
1370	308.22	33.29		176.2	176.2
1375	306.4	33.29		177.0	177.0
1380	314.34	33.29		173.5	173.5
1385	333.26	33.288		165.4	165.4
1390	334.16	33.29		165.0	165.0
1395	324.4	33.288		169.1	169.1
1400	324.4	33.287		169.1	169.1
1405	312.5	33.288		174.3	174.3
1410	287.18	33.288		186.1	186.1
1415	274.04	33.283		192.8	192.8
1420	276.48	33.285		191.5	191.5
1425	280.46	33.283		189.5	189.5
1430	314.64	33.285		173.3	173.3
1435	331.12	33.283		166.3	166.3
1440	316.78	33.281		172.4	172.4
1445	318.6	33.287		171.6	171.6
1450	325.02	33.279		168.8	168.8
1455	317.38	33.281		172.1	172.1
1460	283.2	33.283		188.1	188.1
1465	268.24	33.279		195.9	195.9
1470	259.4	33.279		200.7	200.7
1475	278.62	33.278		190.4	190.4
1480	303.04	33.279		178.6	178.6
1485	300.3	33.276		179.8	179.8
1490	303.34	33.279		178.4	178.4
1495	319.82	33.279		171.1	171.1
1500	334.78	33.272		164.8	164.8
1505	336.92	33.274		163.9	163.9
1510	330.5	33.274		166.5	166.5
1515	330.2	33.27		166.7	166.7
1520	325.62	33.27		168.6	168.6
1525	323.18	33.272		169.6	169.6
1530	281.98	33.274		188.7	188.7
1535	313.72	33.276		173.7	173.7
1540	288.4	33.274		185.5	185.5
1545	310.36	33.268		175.2	175.2
1550	320.74	33.274		170.7	170.7
1555	314.94	33.274		173.2	173.2
1560	262.14	33.263		199.2	199.2
1565	247.8	33.266		207.4	207.4
1570	290.22	33.27		184.6	184.6
1575	284.42	33.263		187.5	187.5
1580	293.28	33.268		183.2	183.2
1585	314.34	33.261		173.5	173.5
1590	329.58	33.261		166.9	166.9
1595	331.12	33.268		166.3	166.3
1600	342.4	33.259		161.7	161.7
1605	339.36	33.259		162.9	162.9
1610	322.88	33.257		169.8	169.8
1615	329.28	33.259		167.1	167.1
1620	335.38	33.263		164.5	164.5
1625	319.82	33.259		171.1	171.1
1630	289.3	33.263		185.1	185.1
1635	295.72	33.243		182.0	182.0
1640	299.08	33.232		180.4	180.4
1645	320.44	33.239		170.8	170.8
1650	305.78	33.239		177.3	177.3
1655	297.54	33.23		181.1	181.1
1660	277.4	33.235		191.1	191.1
1665	276.18	33.219		191.7	191.7
1670	282.6	33.235		188.4	188.4
1675	281.38	33.233		189.0	189.0
1680	313.12	33.209		174.0	174.0
1685	307	33.219		176.8	176.8
1690	301.2	33.23		179.4	179.4
1695	311.28	33.213		174.8	174.8
1700	315.24	33.224		173.1	173.1
1705	307	33.202		176.8	176.8
1710	303.34	33.222		178.4	178.4
1715	312.2	33.202		174.4	174.4
1720	313.42	33.222		173.9	173.9
1725	318.9	33.211		171.5	171.5
1730	298.76	33.211		180.6	180.6
1735	320.44	33.2		170.8	170.8
1740	308.54	33.219		176.1	176.1
1745	308.54	33.215		176.1	176.1
1750	321.66	33.211		170.3	170.3
1755	299.38	33.204		180.3	180.3
1760	312.8	33.189		174.1	174.1
1765	304.56	33.2		177.9	177.9
1770	313.42	33.209		173.9	173.9
1775	295.72	33.182		182.0	182.0
1780	270.7	33.208		194.6	194.6
1785	297.86	33.202		181.0	181.0
1790	309.76	33.206		175.5	175.5
1795	317.68	33.202		172.0	172.0
1800	292.66	33.195		183.5	183.5
1805	297.86	33.2		181.0	181.0
1810	314.64	33.197		173.3	173.3
1815	317.68	33.167		172.0	172.0
1820	309.44	33.197		175.7	175.7
1825	303.96	33.197		178.1	178.1
1830	298.76	33.193		180.6	180.6
1835	309.76	33.176		175.5	175.5
1840	293.28	33.186		183.2	183.2
1845	300.3	33.156		179.8	179.8
1850	304.56	33.187		177.9	177.9
1855	301.52	33.175		179.3	179.3
1860	297.86	33.153		181.0	181.0
1865	307	33.184		176.8	176.8
1870	306.4	33.182		177.0	177.0
1875	304.56	33.147		177.9	177.9
1880	285.04	33.18		187.2	187.2
1885	288.4	33.156		185.5	185.5
1890	293.28	33.175		183.2	183.2
1895	286.26	33.158		186.6	186.6
1900	301.2	33.138		179.4	179.4
1905	297.24	33.167		181.3	181.3
1910	286.86	33.158		186.3	186.3
1915	314.34	33.162		173.5	173.5
1920	316.46	33.164		172.5	172.5
1925	323.18	33.158		169.6	169.6
1930	319.22	33.14		171.3	171.3
1935	298.16	33.13		180.8	180.8
1940	278.62	33.154		190.4	190.4
1945	289	33.105		185.2	185.2
1950	308.84	33.081		175.9	175.9
1955	310.36	33.055		175.2	175.2
1960	302.74	33.053		178.7	178.7
1965	307	33.068		176.8	176.8
1970	305.48	33.029		177.4	177.4
1975	299.38	33.072		180.3	180.3
1980	306.7	33.053		176.9	176.9
1985	311.28	33.064		174.8	174.8
1990	315.24	33.063		173.1	173.1
1995	328.36	33.026		167.4	167.4
2000	329.9	33.024		166.8	166.8
2005	302.42	33.026		178.9	178.9
2010	297.86	33.04		181.0	181.0
2015	311.88	33.028		174.6	174.6
2020	321.66	33.037		170.3	170.3
2025	321.36	33.02		170.4	170.4
2030	312.8	33.031		174.1	174.1
2035	312.8	32.995		174.1	174.1
2040	319.22	33.028		171.3	171.3
2045	324.1	33.028		169.2	169.2
2050	307.62	33.024		176.5	176.5
2055	318.6	33.022		171.6	171.6
2060	311.58	33.02		174.7	174.7
2065	307.62	33.017		176.5	176.5
2070	287.78	32.987		185.8	185.8
2075	310.36	33.013		175.2	175.2
2080	314.02	33.011		173.6	173.6
2085	307.32	33.011		176.6	176.6
2090	319.22	32.963		171.3	171.3
2095	289.3	32.963		185.1	185.1
2100	311.58	33		174.7	174.7
2105	308.54	32.998		176.1	176.1
2110	321.66	32.996		170.3	170.3
2115	318.3	32.974		171.7	171.7
2120	313.42	32.976		173.9	173.9
2125	319.22	32.969		171.3	171.3
2130	321.04	32.941		170.5	170.5
2135	333.86	32.983		165.2	165.2
2140	325.32	32.971		168.7	168.7
2145	311.58	32.98		174.7	174.7
2150	295.72	32.965		182.0	182.0
2155	272.82	32.974		193.4	193.4
2160	303.34	32.936		178.4	178.4
2165	306.7	32.956		176.9	176.9
2170	308.84	32.969		175.9	175.9
2175	334.16	32.969		165.0	165.0
2180	319.22	32.967		171.3	171.3
2185	321.96	32.921		170.1	170.1
2190	316.78	32.963		172.4	172.4
2195	305.48	32.954		177.4	177.4
2200	303.34	32.91		178.4	178.4
2205	307.92	32.943		176.3	176.3
2210	303.04	32.932		178.6	178.6
2215	251.46	32.921		205.3	205.3
2220	277.7	32.919		190.9	190.9
2225	298.46	32.916		180.7	180.7
2230	310.98	32.912		175.0	175.0
2235	307.32	32.893		176.6	176.6
2240	304.56	32.862		177.9	177.9
2245	304.26	32.904		178.0	178.0
2250	300.6	32.912		179.7	179.7
2255	306.7	32.857		176.9	176.9
2260	312.2	32.86		174.4	174.4
2265	320.44	32.851		170.8	170.8
2270	315.56	32.886		172.9	172.9
2275	280.46	32.892		189.5	189.5
2280	306.7	32.89		176.9	176.9
2285	303.96	32.838		178.1	178.1
2290	306.7	32.882		176.9	176.9
2295	285.64	32.879		186.9	186.9
2300	270.08	32.879		194.9	194.9
2305	315.56	32.859		172.9	172.9
2310	299.38	32.827		180.3	180.3
2315	303.64	32.868		178.3	178.3
2320	295.72	32.846		182.0	182.0
2325	310.06	32.822		175.4	175.4
2330	301.52	32.816		179.3	179.3
2335	306.1	32.862		177.2	177.2
2340	318.3	32.855		171.7	171.7
2345	311.88	32.859		174.6	174.6
2350	305.48	32.855		177.4	177.4
2355	313.12	32.816		174.0	174.0
2360	325.02	32.851		168.8	168.8
2365	321.66	32.847		170.3	170.3
2370	319.82	32.844		171.1	171.1
2375	289.3	32.84		185.1	185.1
2380	298.46	32.84		180.7	180.7
2385	296.64	32.842		181.6	181.6
2390	299.38	32.831		180.3	180.3
2395	304.26	32.807		178.0	178.0
2400	288.08	32.825		185.7	185.7
2405	286.86	32.772		186.3	186.3
