		This is offshore towards inshore from the end of the line to stake 4.5						
	EM31							
	Dist (m)	BH1	E		Snow		newEM-sno	Drill depths
4.47	0	149.24	33.197	20001	60.934	289.3	228.4	
	5	187.98	33.199	20002	44.628	249.9	205.3	
	10	202.64	33.2	20003	22.209	238.0	215.8	
	15	183.1	33.2	20004	21.169	254.2	233.0	
	20	152.28	33.2	20005	11.422	285.7	274.3	
	25	159.92	33.204	20006	26.628	277.0	250.4	
	30	147.7	33.204	20007	17.726	291.2	273.5	
	35	190.12	33.206	20008	34.752	248.1	213.4	
	40	138.54	33.204	20009	14.25	303.1	288.8	
	45	100.4	33.202	20010	3.0398	372.7	369.6	
	50	167.84	33.204	20011	41.966	268.7	226.8	
	55	207.52	33.204	20012	28.774	234.2	205.5	
4.38	60	148.62	33.206	20013	45.215	290.1	244.9	
	65	192.88	33.209	20014	40.927	245.8	204.9
	70	186.46	33.213	20015	0.05038	251.3	251.2
	75	128.78	33.209	20016	1.5451	317.3	315.7
	80	155.64	33.213	20017	1.2851	281.8	280.5
	85	122.98	33.213	20018	17.662	326.6	309.0
	90	152.28	33.213	20019	9.8962	285.7	275.8
	95	135.2	33.213	20020	8.7589	307.8	299.0
	100	112.6	33.213	20021	3.8197	345.6	341.7
	105	96.44	33.206	20022	14.803	383.1	368.3
	110	81.48	31.627	20023	1.5451	434.0	432.4
	115	72.94	28.741	20024	4.5996	478.0	473.4
	120	73.24	28.658	20025	3.2348	476.1	472.9
	125	135.5	33.208	20026	1.805	307.3	305.5
	130	210.26	33.211	20027	9.539	232.2	222.7
4.27	135	216.06	33.211	20028	25.397	228.0	202.6
	140	234.68	33.219	20029	33.131	215.5	182.4
	145	187.68	33.219	20030	9.474	250.2	240.7
	150	193.78	33.221	20031	26.112	245.1	218.9
	155	227.96	33.222	20032	47.819	219.9	172.0
	160	213.92	33.224	20033	27.607	229.5	201.9
	165	230.72	33.224	20034	22.538	218.0	195.5
	170	256.04	33.226	20035	25.397	202.6	177.2
	175	227.06	33.226	20036	46.13	220.5	174.3
	180	227.66	33.226	20037	40.736	220.1	179.3
	185	205.08	33.222	20038	18.313	236.1	217.8
	190	174.26	33.228	20039	27.347	262.4	235.0
	195	204.78	33.226	20040	40.866	236.3	195.5
	200	240.48	33.228	20041	48.6	211.9	163.3
	205	234.98	33.228	20042	20.978	215.3	194.3
4.16	210	202.64	33.23	20043	27.087	238.0	210.9
	215	243.54	33.23	20044	28.387	210.0	181.6
	220	242.62	33.23	20045	28.907	210.5	181.6
	225	284.42	33.232	20046	8.8243	187.5	178.7	
	230	193.48	33.232	20047	15.194	245.3	230.1	
	235	243.54	33.232	20048	25.918	210.0	184.1	
	240	268.24	33.23	20049	31.182	195.9	164.7	
	245	290.22	33.232	20050	21.433	184.6	163.2	
	250	269.48	33.235	20051	50.161	195.2	145.1	
	255	246.58	33.233	20052	56.335	208.1	151.8	
	260	232.24	33.232	20053	11.554	217.1	205.5	
	265	152.58	33.235	20054	29.168	285.3	256.2	
	270	128.78	33.235	20055	3.04	317.3	314.3	
	275	171.5	33.233	20056	1.1875	265.1	263.9	
	280	137.32	33.232	20057	40.219	304.8	264.6	
				20058	21.434	-999.0	-999.0	
4.06	285	139.46	33.235	20059	56.275	301.8	245.6	210
	290	96.44	33.233	20060	33.135	383.1	349.9	
	295	137.32	33.232	20061	2	304.8	302.8	
	300	169.68	33.233	20062	67.65	266.9	199.2
	305	90.64	32.879	20063	9.28	400.2	391.0
	310	118.4	33.228	20064	10.775	334.6	323.8
	315	82.1	29.533	20065	21.89	431.4	409.5
	320	140.08	33.228	20066	30.535	301.0	270.5
	325	213.02	33.232	20067	13.505	230.2	216.7
	330	212.1	33.233	20068	8.76	230.9	222.1
	335	151.68	33.233	20069	50.425	286.4	236.0
	340	141	33.233	20070	41.065	299.8	258.7
	345	214.24	33.233	20071	7.9153	229.3	221.4
	350	237.42	33.235	20072	89.43	213.8	124.3
	355	184.64	33.235	20073	89.365	252.8	
	360	143.12	33.237	20074	55.563	297.0	241.4
	365	148.62	33.237	20075	28.034	290.1	262.0
	370	194.7	33.237	20076	41.327	244.3	203.0
	375	233.46	33.237	20077	2.78	216.3	213.5
	380	164.8	33.235	20078	37.947	271.8	233.9
	385	191.66	33.241	20079	2.715	246.8	244.1
	390	176.4	33.239	20080	12.856	260.4	247.5
	395	182.8	33.239	20081	38.534	254.5	216.0
3.91				20082	16.497	-999.0	-999.0
	400	195.92	33.243	20083	24.037	243.3	219.3
	405	286.86	33.243	20084	17.472	186.3	168.8
	410	173.64	33.244	20085	11.686	263.0	251.3
	415	108.94	33.243	20086	40.421	353.0	312.6
	420	148.92	33.243	20087	27.094	289.7	262.6
	425	217.9	33.243	20088	25.793	226.7	200.9
	430	288.08	33.243	20089	35.967	185.7	149.7
	435	246.88	33.243	20090	9.2161	208.0	198.8
	440	217.28	33.244	20091	0.04971	227.2	227.1
	445	187.38	33.243	20092	27.094	250.5	223.4
	450	208.44	33.243	20093	19.358	233.6	214.2
	455	253.3	33.244	20094	15.847	204.2	188.4	
	460	256.04	33.244	20095	23.063	202.6	179.6	
	465	262.14	33.246	20096	15.262	199.2	183.9	
	470	255.12	33.246	20097	31.515	203.2	171.6	
	475	226.74	33.246	20098	26.184	220.7	194.5	
	480	226.74	33.246	20099	25.209	220.7	195.5	
	485	253.3	33.248	20100	20.918	204.2	183.3	
	490	236.52	33.246	20101	20.203	214.3	194.1	
3.78	495	227.36	33.248	20102	1.4799	220.3	218.8	132
	500	193.78	33.248	20103	4.4055	245.1	240.6	
	505	127.26	33.248	20104	18.903	319.7	300.8	
	510	200.5	33.246	20105	15.848	239.6	223.8	
	515	243.54	33.25	20106	19.033	210.0	190.9	
	520	140.08	33.248	20107	5.6407	301.0	295.4	
	525	122.68	33.248	20108	11.817	327.1	315.3	
	530	314.34	33.244	20109	12.532	173.5	160.9	
	535	324.4	33.25	20110	25.08	169.1	144.0
	540	323.48	33.25	20111	3.8204	169.5	165.7
	545	293.88	33.25	20112	15.003	182.9	167.9
	550	359.8	33.25	20113	11.589	155.0	143.4
	555	234.98	33.252	20114	15.848	215.3	199.5
	560	237.42	33.248	20115	5.9009	213.8	207.9
	565	285.34	33.252	20116	2.195	187.0	184.9
	570	263.68	33.25	20117	2.195	198.4	196.2
	575	262.46	33.25	20118	11.947	199.0	187.1
	580	266.12	33.252	20119	4.7956	197.0	192.2
	585	260.62	33.254	20120	1.4149	200.0	198.6
	590	291.44	33.254	20121	0.60219	184.1	183.5
3.64	595	264.58	33.254	20122	1.1223	197.9	196.7
	600	353.4	33.252	20123	2.9102	157.4	154.5
	605	369.88	33.25	20124	1.2523	151.2	150.0
	610	387.26	33.254	20125	1.2848	145.1	143.8
	615	393.38	33.254	20126	1.0898	143.0	141.9	113
	620	393.06	33.252	20127	1.1548	143.1	141.9	
	625	391.24	33.254	20128	1.87	143.7	141.8	
	630	383.3	33.254	20129	6.291	146.5	140.2	
	635	372.92	33.255	20130	1.7399	150.1	148.4	
	640	329.58	33.254	20131	8.5666	166.9	158.4	
	645	338.74	33.254	20132	0.50464	163.2	162.7	
	650	352.48	33.254	20133	0.56966	157.7	157.2	
	655	336	33.254	20134	0.37461	164.3	163.9	
	660	307	33.254	20135	0.69969	176.8	176.1	
	665	344.54	33.254	20136	1.1548	160.8	159.7	
	670	379.64	33.255	20137	0.7647	147.7	147.0	
	675	386.36	33.255	20138	0.89472	145.4	144.5	
	680	387.58	33.255	20139	1.0898	145.0	143.9	
	685	387.58	33.254	20140	1.805	145.0	143.2	
	690	384.22	33.254	20141	19.229	146.1	126.9	
	695	377.2	33.255	20142	2.7152	148.6	145.9	
3.49	700	269.16	33.255	20143	2.13	195.4	193.3	
	705	334.16	33.257	20144	2.8452	165.0	162.2	
	710	363.16	33.255	20145	2.7802	153.7	150.9	
	715	363.16	33.255	20146	3.8855	153.7	149.8	
	720	367.44	33.254	20147	2.9753	152.1	149.2	
	725	371.7	33.257	20148	3.3654	150.6	147.2	
	730	370.18	33.255	20149	2.9102	151.1	148.2	
	735	372.32	33.257	20150	2.1951	150.4	148.2	117
	740	376.58	33.257	20151	3.4304	148.8	145.4	
	745	376.58	33.257	20152	8.1116	148.8	140.7	
	750	320.74	33.259	20153	3.3654	170.7	167.3	
	755	316.78	33.255	20154	12.923	172.4	159.5	
	760	391.84	33.257	20155	28.137	143.5	115.4	
	765	255.12	33.254	20156	5.1859	203.2	198.0	
	770	173.04	33.255	20157	34.119	263.6	229.5	
	775	133.06	33.254	20158	20.14	310.8	290.7	
	780	121.46	33.254	20159	5.2509	329.2	324.0	
3.38				20160	2	-999.0	-999.0	
	785	102.24	33.246	20161	1.8049	368.2	366.4	
	790	104.98	33.248	20162	2.13	361.7	359.6	
	795	110.16	33.25	20163	1.935	350.5	348.6	
	800	106.2	33.248	20164	2.5852	359.0	356.4	
	805	107.72	33.248	20165	4.4707	355.6	351.2	
	810	103.76	33.25	20166	32.624	364.5	331.9	
	815	102.84	33.248	20167	44.717	366.7	322.0	
	820	135.5	33.248	20168	2.5201	307.3	304.8	
	825	268.56	33.252	20169	2.8452	195.7	192.9	
	830	280.76	33.252	20170	4.5682	189.3	184.8	300
	835	382.08	33.254	20171	3.8855	146.9	143.0	
	840	380.24	33.254	20172	3.4304	147.5	144.1	
	845	391.84	33.254	20173	4.0806	143.5	139.4	
	850	392.76	33.255	20174	2.4551	143.2	140.7
	855	398.56	33.254	20175	6.7463	141.2	134.5
	860	404.06	33.255	20176	4.2106	139.4	135.2
3.26	865	338.14	33.257	20177	4.6007	163.4	158.8
	870	409.24	33.257	20178	5.1859	137.7	132.6
	875	405.88	33.257	20179	5.0559	138.8	133.8
	880	397.94	33.257	20180	4.5357	141.5	136.9
	885	401.62	33.257	20181	3.8205	140.2	136.4
	890	397.04	33.257	20182	4.9909	141.8	136.8
	895	395.82	33.257	20183	3.3004	142.2	138.9
	900	384.52	33.257	20184	5.641	146.0	140.4
	905	372.62	33.257	20185	2.5201	150.2	147.7
	910	385.44	33.255	20186	4.4707	145.7	141.2
	915	391.24	33.257	20187	4.7308	143.7	139.0
	920	391.54	33.257	20188	4.4707	143.6	139.1
	925	391.24	33.255	20189	5.381	143.7	138.3
	930	392.76	33.255	20190	4.9909	143.2	138.2	
	935	393.06	33.257	20191	4.3407	143.1	138.8	
	940	389.7	33.255	20192	3.4954	144.2	140.7	
	945	386.66	33.255	20193	3.1703	145.3	142.1	
	950	383.6	33.257	20194	6.2912	146.3	140.1	
	955	382.7	33.255	20195	38.736	146.7	107.9	
	960	376.58	33.254	20196	4.0806	148.8	144.7	
	965	365	33.25	20197	16.922	153.0	136.1	
	970	189.2	33.255	20198	1.6749	248.9	247.2	106
	975	50.04	21.483	20199	1.0246	-999.0	-999.0	
	980	22.88	12.364	20200	14.094	-999.0	-999.0	
3.09	985	9.46	6.971	20201	34.967	-999.0	-999.0	
	990	11.3	8.507	20202	82.499	-999.0	-999.0	
	995	16.18	10.339	20203	25.214	-999.0	-999.0	
	1000	39.36	17.275	20204	9.2828	-999.0	-999.0	
	1005	122.08	33.237	20205	2.13	328.2	326.0	
3.05	1010	141	33.239	20206	12.079	299.8	287.7
	1015	234.06	33.246	20207	21.442	215.9	194.4
	1020	126.96	33.244	20208	11.103	320.1	309.0
	1025	56.46	24.177	20209	47.322	746.2	698.8
	1030	51.88	23.083	20210	51.029	-999.0	-999.0
	1035	51.88	22.328	20211	18.126	-999.0	-999.0
	1040	59.2	25.772	20212	4.4059	638.5	634.1
	1045	85.759	32.136	20213	1.2847	417.0	415.7
	1050	140.08	33.239	20214	29.961	301.0	271.0
	1055	146.78	33.243	20215	23.914	292.3	268.4
	1060	101.62	33.243	20216	32.302	369.7	337.4
	1065	126.04	33.244	20217	38.415	321.6	283.2
	1070	192.88	33.246	20218	58.313	245.8	187.5
	1075	205.38	33.248	20219	13.705	235.9	222.2
	1080	220.34	33.25	20220	9.478	225.0	215.5
	1085	183.1	33.25	20221	31.457	254.2	222.8
	1090	213.32	33.252	20222	12.274	230.0	217.7	
	1095	247.8	33.25	20223	19.492	207.4	187.9	
	1100	281.06	33.25	20224	19.687	189.2	169.5	
	1105	250.86	33.254	20225	65.335	205.6	140.3	
	1110	176.4	33.254	20226	29.897	260.4	230.5	
	1115	230.72	33.255	20227	40.496	218.0	177.5	
	1120	275.58	33.255	20228	40.691	192.0	151.3	130
2.89	1125	173.64	33.254			263.0	222.7	
	1130	228.88	33.255	20229	40.301	219.2	166.3	
	1135	152.9	33.25	20230	52.916	285.0	221.7	
	1140	209.96	33.252	20231	63.288	232.4	161.0	
	1145	243.22	33.257	20232	71.449	210.2	143.7	
	1150	215.76	33.257	20233	66.442	228.2	184.6	
	1155	192.88	33.257	20234	43.618	245.8	221.9	
2.84	1160	113.22	33.255	20235	23.849	344.3	301.7	
	1165	78.74	26.964	20236	42.642	446.4	389.6	
	1170	83.62	30.303	20237	56.753	425.2	329.5
	1175	108.04	33.243	20238	95.705	355.0	263.2
	1180	258.48	33.248	20239	91.738	201.2	176.8
	1185	224.92	33.252	20240	24.435	221.9	194.7
	1190	163.58	33.254	20241	27.166	273.1	186.8
	1195	177.3	33.255	20242	86.342	259.5	215.0
	1200	174.26	33.254	20243	44.528	262.4	259.9
	1205	112.6	33.254	20244	2.5202	345.6	332.9
2.77	1210	164.48	33.254	20245	12.665	272.2	241.8
	1215	166.02	33.255	20246	30.417	270.6	237.6
	1220	104.98	33.255	20247	33.018	361.7	350.0
	1225	248.1	33.257	20248	11.754	207.2	203.6
	1230	267.64	33.257	20249	3.6907	196.2	181.8
	1235	255.44	33.257	20250	14.42	203.0	175.4
	1240	83.62	32.397	20251	27.556	425.2	423.3
	1245	54.32	23.155	20252	1.8699	-999.0	-999.0
	1250	83.32	30.009	20253	25.15	426.4	404.1
	1255	126.64	33.252	20254	22.289	320.7	262.5
	1260	89.42	32.498	20255	58.185	404.2	343.7
	1265	88.5	31.657	20256	60.526	407.3	370.1
2.68	1270	107.12	33.25	20257	37.181	357.0	309.9
	1275	199.9	33.255	20258	47.065	240.1	196.2
	1280	237.12	33.255	20259	43.944	213.9	169.7
	1285	244.14	33.257	20260	44.204	209.6	142.7
	1290	248.1	33.259	20261	66.899	207.2	165.8
	1295	239.86	33.257	20262	41.408	212.2	178.2
	1300	180.36	33.257	20263	34.027	256.7	252.6
	1305	129.08	33.257	20264	4.0809	316.8	300.2
	1310	186.46	33.254	20265	16.632	251.3	241.4
	1315	198.36	33.257	20266	9.9011	241.3	234.5
	1320	86.36	30.233	20267	6.8122	414.8	402.3
	1325	55.54	24.34	20268	12.47	831.0	816.6
	1330	49.44	20.915	20269	14.421	-999.0	-999.0
	1335	46.7	19.789	20270	72.232	-999.0	-999.0
2.59	1340	37.84	16.02	20271	55.845	-999.0	-999.0
	1345	52.8	20.375	20273	4.276	-999.0	-999.0
	1350	65.92	23.962	20274	4.276	533.7	532.5
	1355	77.82	28.252	20275	1.8699	450.8	427.2
	1360	81.18	30.224	20276	1.2196	435.3	409.8
	1365	60.72	24.162	20277	23.59	605.1	603.8
	1370	58.28	23.232	20278	25.476	664.7	664.0
	1375	87.28	31.146	20279	1.3497	411.5	402.4
	1380	57.98	23.1	20280	0.76443	674.8	630.6
	1385	39.98	17.957	20281	9.0883	-999.0	-999.0
	1390	39.68	16.59	20282	44.204	-999.0	-999.0
	1395	78.44	25.347	20283	12.405	447.8	444.4
	1400	59.5	15.168	20284	20.599	631.1	603.0
	1405	14.04	7.083	20285	3.3656	-999.0	-999.0
	1410	10.38	6.671	20286	28.077	-999.0	-999.0
	1415	13.74	7.596	20287	31.459	-999.0	-999.0
	1420	36.32	12.558	20288	12.86	-999.0	-999.0
2.47	1425	31.12	13.049	20289	23.2	-999.0	-999.0
	1430	27.46	12.95	20290	13.705	-999.0	-999.0
	1435	52.8	20.127	20291	15.851	-999.0	-999.0
	1440	67.74	26.24	20292	13.835	516.5	514.4
	1445	79.34	30.022	20293	7.8527	443.5	442.1
	1450	89.42	31.627	20294	2.065	404.2	400.6
	1455	93.08	32.651	20295	1.4147	392.7	388.5
	1460	91.56	30.345	20296	3.6258	397.3	396.3
	1465	69.28	23.811	20297	4.211	503.7	473.2
	1470	44.86	18.811	20298	1.0245	-999.0	-999.0
	1475	30.82	15.114	20299	30.483	-999.0	-999.0
	1480	48.22	18.556	20300	0.76443	-999.0	-999.0
	1485	51.58	20.448	20301	2	-999.0	-999.0
	1490	40.28	17.628	20302	8.8932	-999.0	-999.0
	1495	60.72	22.78	20303	6.422	605.1	588.4
	1500	55.54	20.024	20304	6.7797	831.0	828.1
	1505	37.24	15.908	20305	16.762	-999.0	-999.0
	1510	43.64	18.218	20306	2.8454	-999.0	-999.0
	1515	71.1	24.461	20307	2.9755	490.2	489.5
	1520	61.34	20.978	20308	1.4798	593.9	591.6
2.33	1525	15.56	8.011	20309	0.6994	-999.0	-999.0
	1530	27.16	11.026	20310	2.2601	-999.0	-999.0
	1535	25.94	10.995	20311	14.876	-999.0	-999.0
	1540	25.02	10.943	20312	10.519	-999.0	-999.0
	1545	22.58	10.567	20313	2.4552	-999.0	-999.0
	1550	20.76	9.762	20314	20.404	-999.0	-999.0
	1555	21.98	10.39	20315	1.2196	-999.0	-999.0
	1560	23.5	11.307	20316	24.631	-999.0	-999.0
	1565	30.22	12.661	20317	-0.01594	-999.0	-999.0
	1570	54.02	20.801	20318	2.3252	-999.0	-999.0
	1575	43.94	19.307	20319	0.69935	-999.0	-999.0
	1580	57.38	23.377	20320	1.2846	697.9	677.8
	1585	51.26	20.623	20321	4.9265	-999.0	-999.0
	1590	72.64	26.788	20322	20.112	479.9	475.1
	1595	138.24	33.241	20323	54.611	303.5	290.1
	1600	132.76	33.244	20324	4.7964	311.3	278.9
	1605	68.66	24.915	20325	13.446	508.7	469.4
	1610	37.84	17.362	20326	32.344	-999.0	-999.0
2.2	1615	41.5	17.793	20327	39.272	-999.0	-999.0
	1620	50.96	19.649	20328	18.717	-999.0	-999.0
	1625	69.28	23.361	20329	22.49	503.7	501.2
	1630	91.24	30.387	20330	1.935	398.3	393.9
	1635	72.02	25.2	20331	2.5204	484.0	445.6
	1640	45.78	18.295	20332	4.4718	-999.0	-999.0
	1645	38.46	16.834	20333	38.362	-999.0	-999.0
	1650	53.1	21.511	20334	35.174	-999.0	-999.0	
	1655	75.08	25.534	20335	17.156	465.3	463.6	
	1660	71.42	25.522	20336	0.95924	488.0	486.8	
	1665	59.82	22.334	20337	1.7398	623.7	622.9	
	1670	49.74	20.485	20338	1.2194	-999.0	-999.0	
2.11	1675	30.82	14.423	20339	0.82914	-999.0	-999.0	576
	1680	21.66	10.276	20340	-0.01648	-999.0	-999.0	
	1685	16.18	8.266	20341	0.634	-999.0	-999.0	
	1690	16.48	8.202	20342	1.0243	-999.0	-999.0	
	1695	14.34	7.853	20343	0.43883	-999.0	-999.0	
	1700	13.12	7.393	20344	0.11359	-999.0	-999.0	
	1705	11.3	7.061	20345	0.95922	-999.0	-999.0	
	1710	14.34	7.39	20346	19.693	-999.0	-999.0	
	1715	15.86	8.217	20347	1.0893	-999.0	-999.0	
	1720	18.32	9.595	20348	1.4796	-999.0	-999.0	
	1725	23.8	11.316	20349	52.738	-999.0	-999.0	
	1730	26.56	12.16	20350	5.5777	-999.0	-999.0
	1735	35.1	15.348	20351	1.382	-999.0	-999.0
	1740	80.26	22.065	20352	2.5854	439.3	404.9
	1745	60.72	22.126	20353	35.305	605.1	590.1
	1750	29	13.892	20354	34.394	-999.0	-999.0
	1755	30.52	14.683	20355	15.01	-999.0	-999.0
	1760	39.98	17.738	20356	10.586	-999.0	-999.0
	1765	118.72	33.197	20357	22.881	334.0	302.6
	1770	260	33.202	20358	65.098	200.4	126.9
	1775	257.26	33.202	20359	31.402	201.9	158.0
	1780	259.1	33.213	20360	73.489	200.9	156.9
	1785	208.74	33.208	20361	43.892	233.3	213.3
	1790	108.04	33.215	20362	44.022	355.0	337.0
1.96	1795	116.58	33.213	20363	20.019	337.9	299.7
	1800	248.42	33.202	20364	17.937	207.1	177.0
	1805	251.16	33.204	20365	38.233	205.4	191.9
	1810	236.82	33.211	20366	30.102	214.1	211.8	
	1815	268.56	33.209	20367	13.514	195.7	188.1	
	1820	247.5	33.199	20368	2.3252	207.6	204.0	
1.92	1825	265.2	33.197	20369	7.6593	197.5	195.8	125
	1830	269.48	33.195	20370	3.6262	195.2	189.1	
	1835	257.88	33.193	20371	1.7398	201.6	193.8	
	1840	254.22	33.199	20372	6.0981	203.7	194.9	
	1845	258.18	33.206	20373	7.7894	201.4	183.5	
	1850	257.88	33.208	20374	8.7652	201.6	193.7	
	1855	255.74	33.206	20375	17.872	202.8	198.0	
	1860	255.74	33.193	20376	7.9196	202.8	199.6	
	1865	259.4	33.189	20377	4.8297	200.7	194.2	
	1870	249.02	33.206	20378	3.236	206.7	202.6	
	1875	260	33.197	20379	6.4885	200.4	194.7	
	1880	266.12	33.202	20380	4.0491	197.0	191.3	
	1885	264.28	33.202	20381	5.7079	198.0	192.1	
	1890	263.98	33.189	20382	5.7729	198.2	193.3
	1895	261.24	33.189	20383	5.903	199.7	195.4
	1900	260.62	33.186	20384	4.8622	200.0	187.5
	1905	260.62	33.2	20385	4.2768	200.0	195.4
	1910	260.32	33.191	20386	12.538	200.2	193.3
	1915	260.92	33.184	20387	4.6671	199.9	195.2
	1920	262.76	33.195	20388	6.8788	198.9	193.9
	1925	258.18	33.199	20389	4.6671	201.4	196.2
	1930	261.84	33.191	20390	4.9923	199.4	196.5
	1935	267.34	33.182	20391	5.2525	196.4	190.5
	1940	268.24	33.199	20392	2.8457	195.9	190.6
	1945	263.36	33.199	20393	5.838	198.5	196.5
	1950	261.84	33.197	20394	5.3176	199.4	193.5
	1955	264.58	33.176	20395	2.0651	197.9	193.5
	1960	263.06	33.182	20396	5.903	198.7	191.3
	1965	260.62	33.197	20397	4.3418	200.0	195.6
	1970	262.46	33.182	20398	7.3992	199.0	192.9	
	1975	265.8	33.197	20399	4.4719	197.2	195.3	
	1980	253.6	33.195	20400	6.1633	204.0	196.8	
	1985	261.24	33.195	20401	1.9349	199.7	195.5	
	1990	264.28	33.186	20402	7.2691	198.0	197.3	
	1995	259.7	33.178	20403	4.2117	200.6	195.8	
	2000	257.56	33.193	20404	0.76403	201.8	196.3	
	2005	263.98	33.195	20405	4.7321	198.2	191.8	
	2010	259.4	33.191	20406	5.5127	200.7	196.1	
	2015	260.32	33.193	20407	6.4235	200.2	192.4	166
	2020	263.68	33.178	20408	4.602	198.4	148.5	
	2025	261.54	33.171	20409	7.8546	199.5	170.2	
	2030	263.98	33.191	20410	49.813	198.2	194.2	
	2035	263.98	33.193	20411	29.387	198.2	192.0	
	2040	271.3	33.186	20412	3.9515	194.3	190.2	
1.6	2045	245.66	33.167	20413	6.1633	208.7	204.0	
	2050	331.42	33.187	20414	4.0816	166.2	161.9
	2055	342.1	33.187	20415	4.6671	161.8	156.5
	2060	344.24	33.162	20416	4.2117	161.0	156.6
	2065	334.48	33.186	20417	5.3176	164.9	158.4
	2070	337.82	33.16	20418	4.3418	163.5	156.0
	2075	339.96	33.167	20419	6.4885	162.7	153.7
	2080	341.18	33.16	20420	7.5294	162.2	154.3
	2085	341.8	33.186	20421	8.9605	161.9	155.9
	2090	345.46	33.164	20422	7.8546	160.5	150.9
	2095	330.2	33.175	20423	6.0332	166.7	161.5
	2100	332.04	33.154	20424	9.611	165.9	160.8
	2105	345.76	33.171	20425	5.1225	160.4	156.4
	2110	337.82	33.176	20426	5.0574	163.5	160.6
	2115	336.92	33.182	20427	3.9515	163.9	160.2
	2120	340.58	33.164	20428	2.9107	162.4	157.8
1.48	2125	331.12	33.18	20429	3.6913	166.3	162.3
	2130	330.5	33.162	20430	4.6021	166.5	162.3	
	2135	335.7	33.176	20431	3.9515	164.4	159.5	
	2140	337.52	33.176	20432	4.2768	163.7	158.3	
	2145	338.44	33.147	20433	4.8623	163.3	157.7	
	2150	331.12	33.154	20434	5.3827	166.3	160.8	
	2155	332.34	33.164	20435	5.5778	165.8	161.5	
	2160	338.74	33.143	20436	5.5128	163.2	157.9	
	2165	335.38	33.16	20437	4.2768	164.5	159.8	
	2170	331.72	33.164	20438	5.2526	166.0	162.1	
	2175	332.04	33.165	20439	4.7322	165.9	163.8	
	2180	330.82	33.143	20440	3.9515	166.4	163.0	
	2185	329.58	33.173	20441	2.1301	166.9	161.3	
	2190	330.5	33.169	20442	3.3661	166.5	162.0	
	2195	328.98	33.171	20443	5.5778	167.2	163.4	
1.37	2200	320.74	33.151	20444	4.537	170.7	166.8	130
	2205	318	33.164	20445	3.7564	171.9	167.3	
	2210	318.9	33.162	20446	3.8865	171.5	166.0
	2215	324.1	33.162	20447	4.537	169.2	164.6
	2220	325.92	33.162	20448	5.4477	168.5	164.1
	2225	325.32	33.153	20449	4.6021	168.7	164.8
	2230	325.92	33.158	20450	4.4069	168.5	162.9
	2235	327.76	33.149	20451	3.9516	167.7	161.9
	2240	325.92	33.154	20452	5.5779	168.5	162.4
	2245	322.58	33.13	20453	5.773	169.9	161.6
	2250	328.68	33.147	20454	6.0657	167.3	162.6
	2255	327.46	33.127	20455	8.245	167.8	163.9
	2260	323.18	33.156	20456	4.6671	169.6	163.1
	2265	349.42	33.121	20457	3.8865	158.9	136.1
	2270	325.92	33.134	20458	6.4886	168.5	139.9
	2275	316.46	33.143	20459	22.882	172.5	135.8
	2280	316.46	33.116	20460	28.541	172.5	139.3
	2285	342.4	33.14	20461	36.738	161.7	111.6
1.25	2290	205.08	33.147	20462	33.225	236.1	200.1	
	2295	262.46	33.138	20463	50.073	199.0	192.2	
	2300	224.3	33.14	20464	35.957	222.3	207.1	
	2305	162.36	33.136	20465	6.8789	274.4	252.4	
	2310	229.5	33.116	20466	15.206	218.8	207.1	
	2315	203.86	33.136	20467	21.971	237.0	184.5	
	2320	208.12	33.12	20468	11.758	233.8	229.1	
	2325	245.98	33.114	20469	52.48	208.5	187.3	
	2330	269.16	33.107	20470	4.6671	195.4	187.3	
	2335	270.7	33.079	20471	21.19	194.6	175.1	
1.18	2340	166.94	33.118	20472	8.1149	269.6	265.9	
	2345	128.78	33.112	20473	19.434	317.3	293.6	
	2350	89.72	33.079	20474	3.7889	403.2	389.7	
	2355	78.12	29.206	20475	23.727	449.3	439.2	331
	2360	112.6	33.066	20476	13.514	345.6	340.0	
	2365	79.66	30.832	20477	10.132	442.0	435.8	
	2370	239.26	33.072	20478	5.5453	212.6	206.7
	2375	271.6	33.07	20479	6.2934	194.1	188.1
	2380	273.74	33.068	20480	5.9031	193.0	188.7
	2385	323.8	33.081	20481	5.9682	169.4	162.9
	2390	326.24	33.083	20482	4.2768	168.3	165.8
	2395	328.98	33.083	20483	6.4886	167.2	158.0
	2400	317.68	33.068	20484	2.5204	172.0	149.4
1.08	2405	215.46	33.05	20485	9.1883	228.4	200.9
	2410	329.28	33.048	20486	22.622	167.1	128.6
	2415	324.1	33.037	20487	27.565	169.2	128.3
	2420	331.42	33.075	20488	38.494	166.2	150.2
	2425	244.44	33.075	20489	40.901	209.4	196.4
	2430	203.24	33.059	20490	15.986	237.5	209.5
	2435	187.98	33.074	20491	13.059	249.9	239.7
	2440	206.9	33.072	20492	28.053	234.7	233.3
	2445	170.6	33.072	20493	10.262	266.0	220.0
	2450	191.96	33.066	20494	1.4145	246.6	205.3
	2455	228.58	33.072	20495	45.975	219.4	195.0
	2460	205.38	33.07	20496	41.292	235.9	221.0
	2465	245.36	33.026	20497	24.476	208.9	194.8
0.99	2470	112.6	33.028	20498	14.88	345.6	329.6
	2475	114.44	33.053	20499	14.1	342.0	330.1
	2480	205.68	33.051	20500	15.986	235.6	209.5
	2485	280.16	33.022	20501	11.823	189.7	172.4
	2490	261.54	33.053	20502	26.134	199.5	196.0
	2495	256.34	33.053	20503	17.287	202.5	180.4
	2500	272.82	33.007	20504	3.5613	193.4	155.5
	2505	264.28	33.048	20505	22.036	198.0	170.8
	2510	137.94	33.046	20506	37.974	303.9	284.3
	2515	120.54	33.002	20507	27.24	330.8	328.6
	2520	138.86	33.05	20508	19.629	302.7	290.1
	2525	246.28	33.042	20509	2.1952	208.3	204.0
	2530	257.88	33.02	20510	12.538	201.6	197.3
	2535	238.96	33.04	20511	4.3419	212.8	209.6
	2540	176.08	33.04	20512	4.2768	260.7	255.2
	2545	232.54	32.995	20513	3.236	216.9	208.6
	2550	261.54	33.037	20514	5.4478	199.5	184.2
	2555	257.88	32.996	20515	8.3101	201.6	190.5
	2560	258.48	32.996	20516	15.336	201.2	183.4
	2565	270.08	33.013	20517	11.107	194.9	192.5
	2570	285.64	32.987	20518	17.873	186.9	142.8
	2575	272.52	32.993	20519	2.3903	193.6	162.8
	2580	265.2	32.995	20520	44.089	197.5	161.5
	2585	268.56	33.026	20521	30.818	195.7	162.2
	2590	257.88	32.993	20522	36.022	201.6	199.7
	2595	184.64	33.029	20523	33.55	252.8	248.6
	2600	98.26	30.338	20524	1.9349	378.2	376.6
0.8	2605	68.36	23.467	20525	4.2118	511.2	509.0
	2610	209.96	32.987	20526	1.5446	232.4	224.6	
	2615	253.9	32.972	20527	2.1952	203.9	200.3	
	2620	259.1	32.989	20528	7.7896	200.9	197.7	
	2625	256.96	32.941	20529	3.5613	202.1	197.0	
	2630	249.64	32.945	20530	3.236	206.3	203.6	
	2635	252.08	32.987	20531	5.1225	204.9	201.9	
	2640	258.18	32.98	20532	2.7156	201.4	183.7	
	2645	313.12	32.983	20533	2.9758	174.0	150.5	
	2650	281.98	32.978	20534	17.678	188.7	161.0	169
	2655	315.56	32.985	20535	23.532	172.9	153.4	
	2660	271.3	32.976	20536	27.761	194.3	161.4	
	2665	276.48	32.978	20537	19.499	191.5	181.7	
	2670	267.94	32.98	20538	32.835	196.0	190.3	
	2675	309.76	32.98	20539	9.8063	175.5	166.4	
	2680	262.76	32.958	20540	5.708	198.9	190.7	
0.68	2685	155.02	32.939	20541	9.0907	282.5	277.6	
	2690	126.04	32.972	20542	8.18	321.6	316.6
	2695	224.6	32.965	20543	4.9274	222.1	217.4
	2700	273.44	32.932	20544	5.0575	193.1	190.0
	2705	267.64	32.923	20545	4.7322	196.2	188.8
	2710	269.16	32.963	20546	3.1059	195.4	192.2
	2715	264.28	32.941	20547	7.3993	198.0	195.8
	2720	256.04	32.96	20548	3.1709	202.6	200.9
	2725	255.74	32.939	20549	2.1952	202.8	200.6
	2730	266.12	32.941	20550	1.7398	197.0	189.4
	2735	271	32.958	20551	2.1952	194.4	171.2
	2740	250.54	32.958	20552	7.5945	205.8	177.6
	2745	242	32.945	20553	23.207	210.9	208.5
	2750	245.98	32.952	20554	28.216	208.5	198.9
	2755	263.98	32.954	20555	2.3903	198.2	196.5
	2760	249.02	32.95	20556	9.6111	206.7	204.2
0.57	2765	199.9	32.952	20557	1.7398	240.1	203.4
	2770	115.66	32.939	20558	2.5204	339.6	338.0
	2775	95.52	32.936	20559	36.673	385.6	371.2
	2780	102.24	32.932	20560	1.6097	368.2	329.5
	2785	104.68	32.886	20561	14.425	362.4	327.5
	2790	90.34	32.925	20562	38.657	401.2	356.6
	2795	80.26	29.919	20563	34.916	439.3	366.9
	2800	109.86	32.901	20564	44.609	351.1	312.4
	2805	152.28	32.916	20565	72.387	285.7	281.4
	2810	190.74	32.917	20566	38.689	247.6	246.9
	2815	191.66	32.899	20567	4.3419	246.8	245.4
	2820	142.22	32.923	20568	0.69895	298.2	278.7
	2825	161.14	32.899	20569	1.4145	275.7	263.0
	2830	128.48	32.914	20570	19.499	317.8	296.3
	2835	113.84	32.91	20571	12.734	343.1	300.7
	2840	96.74	32.914	20572	21.451	382.3	357.6
	2845	100.4	32.868	20573	42.397	372.7	343.6
	2850	170.6	32.914	20574	24.703	266.0	241.9
	2855	218.2	32.916	20575	29.062	226.5	206.7
	2860	187.68	32.906	20576	24.053	250.2	224.8
	2865	242.92	32.906	20577	19.824	210.4	192.0
	2870	242.62	32.914	20578	25.354	210.5	162.9
	2875	217.9	32.906	20579	18.328	226.7	172.9
	2880	162.36	32.857	20580	47.602	274.4	245.6
	2885	214.24	32.903	20581	53.782	229.3	164.8
	2890	253.3	32.879	20582	28.802	204.2	151.9
	2895	234.38	32.855	20583	64.548	215.7	178.5
	2900	144.04	32.855	20584	52.35	295.8	290.1
0.36	2905	132.14	32.849	20585	37.193	312.2	310.5
	2910	200.2	32.838	20586	5.708	239.9	221.6
	2915	215.76	32.837	20587	1.7398	228.2	215.7
	2920	180.06	32.871	20588	18.328	257.0	244.4
	2925	126.34	32.842	20589	12.538	321.1	310.2
	2930	99.48	32.877	20590	12.604	375.0	359.8
	2935	124.52	32.822	20591	10.945	324.1	322.2
	2940	133.06	32.868	20592	15.206	310.8	299.4
	2945	158.38	32.851	20593	1.8699	278.7	267.7
	2950	198.98	32.847	20594	11.4	240.8	206.4
	2955	164.18	32.862	20595	11.01	272.5	237.5
	2960	161.44	32.853	20596	34.461	275.4	271.1
	2965	240.48	32.857	20597	35.047	211.9	203.7
	2970	177	32.857	20598	4.3419	259.8	230.4
	2975	196.84	32.809	20599	8.18	242.6	237.6
	2980	198.66	32.82	20600	29.387	241.1	198.5
	2985	149.54	32.837	20601	4.9274	289.0	260.7
	2990	164.48	32.851	20602	42.593	272.2	247.7
	2995	180.36	32.849	20603	28.281	256.7	243.8
	3000	102.84	32.851	20604	24.508	366.7	360.4
	3005	173.34	32.802	20605	12.929	263.3	261.3
	3010	230.4	32.827	20606	6.2935	218.3	216.9
	3015	211.8	32.844	20607	1.9349	231.1	229.1
	3020	153.2	32.844	20608	1.3495	284.6	283.7
	3025	104.06	32.822	20609	1.9349	363.9	358.5
	3030	80.56	31.506	20610	0.89411	438.0	423.2
	3035	72.64	28.372	20611	5.3827	479.9	455.9
	3040	77.2	29.105	20612	14.75	453.9	432.5
	3045	93.68	32.765	20613	23.987	390.9	363.6
	3050	86.36	31.271	20614	21.45	414.8	412.6
	3055	94.899	32.802	20615	27.37	387.4	385.3
0.14	3060	197.44	32.807	20616	2.1301	242.1	242.0
	3065	243.22	32.805	20617	2.1301	210.2	195.6
	3070	192.26	32.803	20618	0.11355	246.3	221.3
	3075	148.92	32.813	20619	14.555	289.7	281.5
	3080	195.62	32.807	20620	25.028	243.5	240.8
	3085	200.2	32.787	20621	8.2446	239.9	238.7
	3090	208.44	32.8	20622	2.7155	233.6	212.4
	3095	128.48	32.796	20623	1.2194	317.8	311.7
	3100	52.18	22.097	20624	21.124	-999.0	-999.0
	3105	29.9	15.445	20625	6.033	-999.0	-999.0
	3110	22.58	12.785	20626	19.433	-999.0	-999.0
	3115	42.42	19.019	20627	25.287	-999.0	-999.0
	3120	57.38	23.258	20628	26.133	697.9	659.5
	3125	94.899	32.756	20629	43.436	387.4	381.0
	3130	213.32	32.737	20630	38.492	230.0	208.7
	3135	248.42	32.752	20631	6.3582	207.1	198.5
	3140	189.82	32.756	20632	21.319	248.4	248.4
	3145	156.86	32.754	20633	8.5697	280.4	161.8
	3150	207.22	32.754	20634	-0.08151	234.5	115.8
	3155	236.82	32.667	20635	118.63	214.1	214.1
0	3160	206.9	32.603	20636	118.63	234.7	234.7
