		This is offshore towards inshore from the end of the line to stake 4.5					
	EM31						
Along line	Dist (m)	BH1	E	Snow	Ice+Snow	Ice	Comments
2.11	0	31.12	14.671		-999.0	-999.0	
	5	19.22	10.556		-999.0	-999.0	
	10	14.64	8.59		-999.0	-999.0	
	15	11.9	7.73		-999.0	-999.0	
	20	13.74	8.977		-999.0	-999.0	
	25	11.9	8.424		-999.0	-999.0	
	30	10.68	7.752		-999.0	-999.0	
	35	9.76	7.059		-999.0	-999.0	
	40	12.2	7.798		-999.0	-999.0	
	45	13.12	8.22		-999.0	-999.0	
	50	16.48	9.878		-999.0	-999.0	
	55	22.88	12.854		-999.0	-999.0	
	60	22.28	12.2		-999.0	-999.0	
	65	40.28	17.608		-999.0	-999.0
	70	97.96	25.117		379.0	379.0
	75	40.9	19.339		-999.0	-999.0
	80	27.78	15.427		-999.0	-999.0
	85	26.24	14.701		-999.0	-999.0
	90	35.4	17.538		-999.0	-999.0
	95	106.2	32.175		359.0	359.0
	100	248.42	32.105		207.1	207.1
	105	241.7	32.103		211.1	211.1
	110	241.08	32.074		211.5	211.5
	115	214.84	32.061		228.9	228.9
	120	90.02	32.041		402.2	402.2
1.96	125	102.84	31.835		366.7	366.7
	130	211.48	31.782		231.3	231.3
	135	237.42	31.765		213.8	213.8
	140	220.34	31.747		225.0	225.0
	145	242.3	31.738		210.7	210.7
	150	230.4	31.701		218.3	218.3
	155	231.94	31.668		217.2	217.2
1.92	160	246.28	31.664		208.3	208.3
	165	251.46	31.611		205.3	205.3
	170	239.86	31.567		212.2	212.2
	175	235.9	31.578		214.7	214.7
	180	238.64	31.578		213.0	213.0
	185	238.96	31.569		212.8	212.8
	190	238.04	31.528		213.4	213.4
	195	240.18	31.55		212.0	212.0
	200	243.22	31.526		210.2	210.2
	205	234.98	31.479		215.3	215.3
	210	244.14	31.471		209.6	209.6
	215	246.28	31.482		208.3	208.3
	220	247.5	31.425		207.6	207.6
	225	242.3	31.424		210.7	210.7
	230	245.66	31.458		208.7	208.7
	235	242.92	31.446		210.4	210.4
	240	242.62	31.389		210.5	210.5
	245	241.4	31.425		211.3	211.3
	250	241.4	31.37		211.3	211.3
	255	240.18	31.411		212.0	212.0
	260	245.36	31.4		208.9	208.9
	265	242.62	31.374		210.5	210.5
	270	242.62	31.376		210.5	210.5
	275	248.72	31.356		206.9	206.9
	280	249.94	31.306		206.2	206.2
	285	243.54	31.339		210.0	210.0
	290	245.36	31.289		208.9	208.9
	295	244.76	31.339		209.2	209.2
	300	243.54	31.273		210.0	210.0
	305	240.78	31.266		211.7	211.7
	310	242.92	31.282		210.4	210.4
	315	245.36	31.295		208.9	208.9
	320	238.34	31.271		213.2	213.2
	325	243.22	31.223		210.2	210.2
	330	243.84	31.277		209.8	209.8
	335	242.92	31.258		210.4	210.4
	340	239.26	31.234		212.6	212.6
	345	245.06	31.19		209.1	209.1
	350	241.08	31.227		211.5	211.5
	355	240.48	31.221		211.9	211.9
	360	244.44	31.21		209.4	209.4
	365	242	31.216		210.9	210.9
	370	242.92	31.198		210.4	210.4
	375	243.84	31.174		209.8	209.8
	380	246.88	31.181		208.0	208.0
	385	248.1	31.164		207.2	207.2
1.6	390	220.64	31.089		224.8	224.8
	395	298.46	31.096		180.7	180.7
	400	323.48	31.089		169.5	169.5
	405	314.94	31.008		173.2	173.2
	410	313.72	31.054		173.7	173.7
	415	309.44	31.012		175.7	175.7
	420	311.58	31.016		174.7	174.7
	425	316.16	31.001		172.7	172.7
	430	311.58	30.986		174.7	174.7
	435	314.34	30.983		173.5	173.5
	440	311.88	30.97		174.6	174.6
	445	289.62	30.964		184.9	184.9
	450	318.6	30.955		171.6	171.6
	455	315.86	30.929		172.8	172.8
	460	312.8	30.892		174.1	174.1
	465	313.72	30.892		173.7	173.7
	470	309.14	30.929		175.8	175.8
1.48	475	298.46	30.9		180.7	180.7
	480	303.34	30.887		178.4	178.4
	485	308.22	30.869		176.2	176.2
	490	308.22	30.859		176.2	176.2
	495	307	30.845		176.8	176.8
	500	304.26	30.801		178.0	178.0
	505	306.7	30.828		176.9	176.9
	510	307.32	30.826		176.6	176.6
	515	304.26	30.823		178.0	178.0
	520	300.9	30.773		179.6	179.6
	525	301.82	30.76		179.1	179.1
	530	300.9	30.801		179.6	179.6
	535	299.38	30.791		180.3	180.3
	540	300.6	30.79		179.7	179.7
	545	300.3	30.727		179.8	179.8
	550	302.12	30.736		179.0	179.0
1.37	555	288.7	30.72		185.4	185.4
	560	294.5	30.698		182.6	182.6
	565	292.36	30.633		183.6	183.6
	570	299.98	30.63		180.0	180.0
	575	303.96	30.643		178.1	178.1
	580	303.04	30.643		178.6	178.6
	585	302.12	30.646		179.0	179.0
	590	304.26	30.639		178.0	178.0
	595	303.64	30.643		178.3	178.3
	600	299.08	30.619		180.4	180.4
	605	305.78	30.615		177.3	177.3
	610	303.64	30.604		178.3	178.3
	615	297.86	30.597		181.0	181.0
	620	313.72	30.578		173.7	173.7
	625	289.62	30.558		184.9	184.9
	630	296.32	30.551		181.7	181.7
	635	295.72	30.518		182.0	182.0
	640	307	30.532		176.8	176.8
	645	228.88	30.499		219.2	219.2
	650	174.56	30.435		262.1	262.1
	655	248.1	30.437		207.2	207.2
1.25	660	213.92	30.387		229.5	229.5
	665	130.32	30.429		314.9	314.9
	670	207.22	30.248		234.5	234.5
	675	195.62	30.242		243.5	243.5
	680	194.7	30.225		244.3	244.3
	685	200.2	30.202		239.9	239.9
	690	254.82	30.202		203.3	203.3
	695	273.14	30.165		193.3	193.3
	700	183.1	30.108		254.2	254.2
1.18	705	157.78	30.132		279.4	279.4
	710	116.28	30.104		338.5	338.5
	715	85.759	30.124		417.0	417.0
	720	72.94	30.139		478.0	478.0
	725	94.6	30.115		388.3	388.3
	730	88.5	30.044		407.3	407.3
	735	182.5	30.02		254.8	254.8
	740	246.88	29.974		208.0	208.0
	745	238.04	29.99		213.4	213.4
	750	267.64	30.014		196.2	196.2
	755	295.1	30.011		182.3	182.3
	760	297.54	29.998		181.1	181.1
	765	301.52	29.95		179.3	179.3
	770	266.72	29.963		196.7	196.7
1.08	775	224.6	29.948		222.1	222.1
	780	301.2	29.939		179.4	179.4
	785	295.1	29.889		182.3	182.3
	790	297.86	29.875		181.0	181.0
	795	233.46	29.83		216.3	216.3
	800	172.42	29.869		264.2	264.2
	805	184.64	29.807		252.8	252.8
	810	180.96	29.768		256.1	256.1
	815	157.48	29.799		279.7	279.7
	820	159.3	29.788		277.7	277.7
	825	214.24	29.794		229.3	229.3
	830	191.04	29.658		247.3	247.3
	835	214.24	29.678		229.3	229.3
0.99	840	67.44	27.868		519.2	519.2
	845	104.68	29.491		362.4	362.4
	850	203.86	29.454		237.0	237.0
	855	241.4	29.439		211.3	211.3
	860	228.58	29.375		219.4	219.4
	865	238.96	29.406		212.8	212.8
	870	231.62	29.411		217.5	217.5
	875	187.68	29.395		250.2	250.2
	880	98.88	29.362		376.6	376.6
	885	131.84	29.351		312.6	312.6
	890	183.1	29.316		254.2	254.2
	895	225.22	29.327		221.7	221.7
	900	253	29.332		204.4	204.4
	905	197.14	29.332		242.3	242.3
	910	170.9	29.294		265.7	265.7
	915	231.62	29.272		217.5	217.5
	920	230.72	29.226		218.0	218.0
	925	230.4	29.274		218.3	218.3
	930	231.62	29.266		217.5	217.5
	935	252.38	29.257		204.7	204.7
	940	248.72	29.206		206.9	206.9
	945	184.32	29.233		253.1	253.1
	950	246.88	29.189		208.0	208.0
	955	244.44	29.022		209.4	209.4
	960	240.78	29.027		211.7	211.7
	965	167.54	28.928		269.0	269.0
	970	84.84	28.983		420.4	420.4
0.8	975	58.28	23.585		664.7	664.7
	980	103.76	28.926		364.5	364.5
	985	238.64	28.875		213.0	213.0
	990	232.54	28.831		216.9	216.9
	995	234.68	28.818		215.5	215.5
	1000	220.34	28.86		225.0	225.0
0.68	1005	224.92	28.851		221.9	221.9
	1010	224.92	28.853		221.9	221.9
	1015	271.3	28.855		194.3	194.3
	1020	268.24	28.849		195.9	195.9
	1025	272.52	28.858		193.6	193.6
	1030	245.98	28.849		208.5	208.5
	1035	242.92	28.855		210.4	210.4
	1040	232.24	28.846		217.1	217.1
	1045	266.12	28.835		197.0	197.0
	1050	254.52	28.8		203.5	203.5
	1055	141.6	28.844		299.0	299.0
	1060	117.8	28.8		335.7	335.7
	1065	185.86	28.743		251.8	251.8
	1070	243.84	28.746		209.8	209.8
	1075	234.68	28.757		215.5	215.5
	1080	238.04	28.75		213.4	213.4
	1085	230.1	28.761		218.4	218.4
	1090	227.96	28.757		219.9	219.9
	1095	226.14	28.763		221.1	221.1
	1100	234.06	28.757		215.9	215.9
	1105	231.94	28.759		217.2	217.2
	1110	220.94	28.761		224.6	224.6
	1115	212.4	28.756		230.6	230.6
	1120	221.86	28.721		224.0	224.0
	1125	238.64	28.756		213.0	213.0
	1130	206.9	28.721		234.7	234.7
0.57	1135	180.96	28.689		256.1	256.1
	1140	110.78	28.706		349.2	349.2
	1145	91.24	28.741		398.3	398.3
	1150	92.46	28.719		394.6	394.6
	1155	96.44	28.717		383.1	383.1
	1160	83.92	28.655		424.0	424.0
	1165	72.64	28.671		479.9	479.9
	1170	95.52	28.699		385.6	385.6
	1175	133.36	28.631		310.4	310.4
	1180	159.3	28.544		277.7	277.7
	1185	212.1	28.561		230.9	230.9
	1190	215.46	28.563		228.4	228.4
	1195	125.74	28.561		322.1	322.1
	1200	144.04	28.555		295.8	295.8
	1205	122.38	28.515		327.7	327.7
	1210	121.76	28.559		328.7	328.7
	1215	104.98	28.555		361.7	361.7
	1220	154.12	28.541		283.6	283.6
	1225	184.94	28.519		252.6	252.6
	1230	176.7	28.555		260.1	260.1
	1235	212.4	28.555		230.6	230.6
	1240	225.52	28.541		221.5	221.5
	1245	205.68	28.498		235.6	235.6
	1250	162.96	28.542		273.8	273.8
	1255	152.9	28.497		285.0	285.0
	1260	202.64	28.515		238.0	238.0
	1265	246.28	28.498		208.3	208.3
	1270	171.2	28.526		265.4	265.4
	1275	99.8	28.548		374.2	374.2
0.36	1280	90.34	28.548		401.2	401.2
	1285	182.5	28.541		254.8	254.8
	1290	194.4	28.497		244.5	244.5
	1295	169.06	28.541		267.5	267.5
	1300	104.68	28.563		362.4	362.4
	1305	104.68	28.561		362.4	362.4
	1310	101.02	28.509		371.1	371.1
	1315	118.1	28.517		335.1	335.1
	1320	125.42	28.526		322.6	322.6
	1325	175.78	28.484		260.9	260.9
	1330	153.2	28.487		284.6	284.6
	1335	145.26	28.537		294.3	294.3
	1340	203.86	28.493		237.0	237.0
	1345	155.94	28.471		281.5	281.5
	1350	177.3	28.454		259.5	259.5
	1355	171.5	28.476		265.1	265.1
	1360	219.42	28.498		225.7	225.7
	1365	198.06	28.498		241.6	241.6
	1370	168.16	28.598		268.4	268.4
	1375	97.96	28.66		379.0	379.0
	1380	162.66	28.609		274.1	274.1
	1385	211.48	28.638		231.3	231.3
	1390	182.5	28.643		254.8	254.8
	1395	136.72	28.561		305.6	305.6
	1400	101.62	28.555		369.7	369.7
	1405	92.78	28.594		393.6	393.6
	1410	57.68	24.36		685.8	685.8
	1415	67.44	27.096		519.2	519.2
	1420	81.18	28.594		435.3	435.3
	1425	79.34	28.643		443.5	443.5
	1430	79.04	28.667		444.9	444.9
	1435	116.28	28.616		338.5	338.5
0.14	1440	172.72	28.588		263.9	263.9
	1445	220.34	28.544		225.0	225.0
	1450	165.4	28.581		271.2	271.2
	1455	131.84	28.594		312.6	312.6
	1460	169.98	28.588		266.6	266.6
	1465	179.44	28.576		257.5	257.5
	1470	191.96	28.599		246.6	246.6
	1475	197.14	28.48		242.3	242.3
	1480	69.88	28.522		499.1	499.1
	1485	34.18	17.67		-999.0	-999.0
	1490	27.46	15.662		-999.0	-999.0
	1495	33.56	17.409		-999.0	-999.0
	1500	64.4	26.389		550.4	550.4
	1505	90.94	28.62		399.3	399.3
	1510	249.94	28.625		206.2	206.2
	1515	168.16	28.632		268.4	268.4
	1520	175.78	28.548		260.9	260.9
	1525	144.66	28.598		295.0	295.0
	1530	149.54	28.507		289.0	289.0
	1535	222.16	28.548		223.8	223.8
0	1540	185.86	28.581		251.8	251.8
